43 2 1 0 
194 37 2 51 
0.000000 0.000000 1.000000 
4.000000 0.000000 6.000000 
2.000000 3.000000 43.000000 
5 7 1 
15 17 1 
24 26 1 
33 35 1 
42 44 1 
1 3 1 
9 13 1 
19 22 1 
28 31 1 
37 40 1 
46 50 1 
108 110 1 
171 173 1 
175 177 1 
183 185 1 
65 67 1 
112 115 1 
179 181 1 
187 189 1 
69 72 1 
99 102 1 
104 106 2 
140 143 1 
145 147 2 
158 161 1 
163 165 2 
56 58 2 
60 63 1 
117 121 2 
136 138 1 
149 151 1 
153 156 2 
74 78 2 
167 169 1 
123 125 2 
191 193 2 
80 82 2 
127 130 2 
84 87 2 
132 134 2 
89 91 2 
93 97 2 
52 54 2 
4.000000 0.000000 
3.793249 0.310127 
3.591667 0.000000 
4.000000 0.000000 
0.000000 0.000000 
0.408333 0.000000 
0.206751 0.310127 
0.000000 0.000000 
0.408333 0.000000 
0.658333 0.000000 
0.900000 0.371795 
0.247863 0.371795 
0.206751 0.310127 
0.408333 0.000000 
0.658333 0.000000 
1.141667 0.000000 
0.900000 0.371795 
0.658333 0.000000 
1.141667 0.000000 
1.391667 0.000000 
1.633333 0.371795 
0.900000 0.371795 
1.141667 0.000000 
1.391667 0.000000 
1.875000 0.000000 
1.633333 0.371795 
1.391667 0.000000 
1.875000 0.000000 
2.125000 0.000000 
2.366667 0.371795 
1.633333 0.371795 
1.875000 0.000000 
2.125000 0.000000 
2.608333 0.000000 
2.366667 0.371795 
2.125000 0.000000 
2.608333 0.000000 
2.858333 0.000000 
3.100000 0.371795 
2.366667 0.371795 
2.608333 0.000000 
2.858333 0.000000 
3.341667 0.000000 
3.100000 0.371795 
2.858333 0.000000 
3.341667 0.000000 
3.591667 0.000000 
3.793249 0.310127 
3.752137 0.371795 
3.100000 0.371795 
3.341667 0.000000 
2.000000 3.000000 
1.752137 2.628205 
2.247863 2.628205 
2.000000 3.000000 
3.333333 1.000000 
3.050633 1.424051 
2.775000 1.000000 
3.333333 1.000000 
3.333333 1.000000 
2.775000 1.000000 
2.733333 0.935897 
3.376068 0.935897 
3.333333 1.000000 
3.752137 0.371795 
3.421941 0.867089 
3.100000 0.371795 
3.752137 0.371795 
3.421941 0.867089 
3.376068 0.935897 
2.733333 0.935897 
3.100000 0.371795 
3.421941 0.867089 
3.050633 1.424051 
3.000000 1.500000 
2.366667 1.500000 
2.691667 1.000000 
2.775000 1.000000 
3.050633 1.424051 
3.000000 1.500000 
2.679325 1.981013 
2.366667 1.500000 
3.000000 1.500000 
2.679325 1.981013 
2.623932 2.064103 
2.000000 2.064103 
2.366667 1.500000 
2.679325 1.981013 
2.623932 2.064103 
2.308017 2.537975 
2.000000 2.064103 
2.623932 2.064103 
2.308017 2.537975 
2.247863 2.628205 
1.752137 2.628205 
1.691983 2.537975 
2.000000 2.064103 
2.308017 2.537975 
0.666667 1.000000 
0.623932 0.935897 
1.266667 0.935897 
1.225000 1.000000 
0.666667 1.000000 
0.666667 1.000000 
1.225000 1.000000 
0.949367 1.424051 
0.666667 1.000000 
0.247863 0.371795 
0.900000 0.371795 
0.578059 0.867089 
0.247863 0.371795 
0.578059 0.867089 
0.900000 0.371795 
1.266667 0.935897 
0.623932 0.935897 
0.578059 0.867089 
0.949367 1.424051 
1.225000 1.000000 
1.308333 1.000000 
1.633333 1.500000 
1.000000 1.500000 
0.949367 1.424051 
1.000000 1.500000 
1.633333 1.500000 
1.320675 1.981013 
1.000000 1.500000 
1.320675 1.981013 
1.633333 1.500000 
2.000000 2.064103 
1.376068 2.064103 
1.320675 1.981013 
1.376068 2.064103 
2.000000 2.064103 
1.691983 2.537975 
1.376068 2.064103 
1.225000 1.000000 
1.266667 0.935897 
1.308333 1.000000 
1.225000 1.000000 
1.308333 1.000000 
1.266667 0.935897 
2.000000 0.935897 
1.958333 1.000000 
1.308333 1.000000 
1.308333 1.000000 
1.958333 1.000000 
1.633333 1.500000 
1.308333 1.000000 
1.958333 1.000000 
2.000000 0.935897 
2.041667 1.000000 
1.958333 1.000000 
1.958333 1.000000 
2.041667 1.000000 
2.366667 1.500000 
1.633333 1.500000 
1.958333 1.000000 
2.041667 1.000000 
2.000000 0.935897 
2.733333 0.935897 
2.691667 1.000000 
2.041667 1.000000 
2.041667 1.000000 
2.691667 1.000000 
2.366667 1.500000 
2.041667 1.000000 
2.691667 1.000000 
2.733333 0.935897 
2.775000 1.000000 
2.691667 1.000000 
0.900000 0.371795 
1.633333 0.371795 
1.266667 0.935897 
0.900000 0.371795 
1.633333 0.371795 
2.366667 0.371795 
2.000000 0.935897 
1.633333 0.371795 
1.633333 0.371795 
2.000000 0.935897 
1.266667 0.935897 
1.633333 0.371795 
2.366667 0.371795 
3.100000 0.371795 
2.733333 0.935897 
2.366667 0.371795 
2.366667 0.371795 
2.733333 0.935897 
2.000000 0.935897 
2.366667 0.371795 
1.633333 1.500000 
2.366667 1.500000 
2.000000 2.064103 
1.633333 1.500000 
-0.200000 -0.192308 
0.533333 -0.192308 
1.266667 -0.192308 
2.000000 -0.192308 
2.733333 -0.192308 
3.466667 -0.192308 
4.200000 -0.192308 
0.166667 0.371795 
0.900000 0.371795 
1.633333 0.371795 
2.366667 0.371795 
3.100000 0.371795 
3.833333 0.371795 
0.533333 0.935897 
0.533333 0.935897 
1.266667 0.935897 
1.266667 0.935897 
2.000000 0.935897 
2.000000 0.935897 
2.733333 0.935897 
2.733333 0.935897 
3.466667 0.935897 
3.466667 0.935897 
0.900000 1.500000 
0.900000 1.500000 
1.633333 1.500000 
1.633333 1.500000 
2.366667 1.500000 
2.366667 1.500000 
3.100000 1.500000 
3.100000 1.500000 
1.266667 2.064103 
2.000000 2.064103 
2.733333 2.064103 
1.633333 2.628205 
2.366667 2.628205 
2.000000 3.192308 
1 2 8 
2 3 9 
3 4 10 
4 5 11 
5 6 12 
6 7 13 
8 2 9 
9 3 10 
10 4 11 
11 5 12 
12 6 13 
8 9 14 
9 10 16 
10 11 18 
11 12 20 
12 13 22 
14 9 16 
16 10 18 
18 11 20 
20 12 22 
14 16 24 
15 17 25 
16 18 26 
17 19 27 
18 20 28 
19 21 29 
21 23 30 
20 22 31 
25 17 27 
24 16 26 
26 18 28 
27 19 29 
29 21 30 
28 20 31 
25 27 32 
27 29 33 
29 30 34 
32 27 33 
33 29 34 
32 33 35 
33 34 36 
35 33 36 
35 36 37 
1 28 
30 50 
3 1 
1 1 
48 1 
65 1 
69 1 
63 1 
60 3 
169 3 
161 3 
151 3 
143 3 
138 3 
102 3 
99 1 
115 1 
110 1 
12 1 
7 1 
5 1 
9 1 
15 1 
19 1 
24 1 
28 1 
33 1 
37 1 
42 1 
46 1 
3 1 
54 1 
52 1 
95 1 
134 1 
130 1 
125 1 
121 1 
106 1 
104 3 
118 3 
145 3 
153 3 
163 3 
77 3 
58 3 
56 1 
74 1 
80 1 
84 1 
89 1 
93 1 
54 1 
