39 2 1 0 
175 31 1 41 
0.000000 0.000000 1.000000 
4.000000 0.000000 6.000000 
2.000000 3.000000 39.000000 
5 7 1 
15 17 1 
24 26 1 
33 35 1 
42 44 1 
1 3 1 
9 13 1 
19 22 1 
28 31 1 
37 40 1 
46 50 1 
102 104 1 
148 150 1 
152 154 1 
160 162 1 
56 58 1 
106 109 1 
156 158 1 
164 166 1 
60 63 1 
93 96 1 
98 100 1 
134 137 1 
139 141 1 
168 170 1 
65 67 1 
111 115 1 
130 132 1 
143 146 1 
69 72 1 
117 119 1 
172 174 1 
74 76 1 
121 124 1 
78 81 1 
126 128 1 
83 85 1 
87 91 1 
52 54 1 
4.000000 0.000000 
3.793249 0.310127 
3.591667 0.000000 
4.000000 0.000000 
0.000000 0.000000 
0.408333 0.000000 
0.206751 0.310127 
0.000000 0.000000 
0.408333 0.000000 
0.658333 0.000000 
0.900000 0.371795 
0.247863 0.371795 
0.206751 0.310127 
0.408333 0.000000 
0.658333 0.000000 
1.141667 0.000000 
0.900000 0.371795 
0.658333 0.000000 
1.141667 0.000000 
1.391667 0.000000 
1.633333 0.371795 
0.900000 0.371795 
1.141667 0.000000 
1.391667 0.000000 
1.875000 0.000000 
1.633333 0.371795 
1.391667 0.000000 
1.875000 0.000000 
2.125000 0.000000 
2.366667 0.371795 
1.633333 0.371795 
1.875000 0.000000 
2.125000 0.000000 
2.608333 0.000000 
2.366667 0.371795 
2.125000 0.000000 
2.608333 0.000000 
2.858333 0.000000 
3.100000 0.371795 
2.366667 0.371795 
2.608333 0.000000 
2.858333 0.000000 
3.341667 0.000000 
3.100000 0.371795 
2.858333 0.000000 
3.341667 0.000000 
3.591667 0.000000 
3.793249 0.310127 
3.752137 0.371795 
3.100000 0.371795 
3.341667 0.000000 
2.000000 3.000000 
1.752137 2.628205 
2.247863 2.628205 
2.000000 3.000000 
3.752137 0.371795 
3.421941 0.867089 
3.100000 0.371795 
3.752137 0.371795 
3.421941 0.867089 
3.376068 0.935897 
2.733333 0.935897 
3.100000 0.371795 
3.421941 0.867089 
3.376068 0.935897 
3.050633 1.424051 
2.733333 0.935897 
3.376068 0.935897 
3.050633 1.424051 
3.000000 1.500000 
2.366667 1.500000 
2.733333 0.935897 
3.050633 1.424051 
3.000000 1.500000 
2.679325 1.981013 
2.366667 1.500000 
3.000000 1.500000 
2.679325 1.981013 
2.623932 2.064103 
2.000000 2.064103 
2.366667 1.500000 
2.679325 1.981013 
2.623932 2.064103 
2.308017 2.537975 
2.000000 2.064103 
2.623932 2.064103 
2.308017 2.537975 
2.247863 2.628205 
1.752137 2.628205 
1.691983 2.537975 
2.000000 2.064103 
2.308017 2.537975 
0.666667 1.000000 
0.623932 0.935897 
1.266667 0.935897 
1.225000 1.000000 
0.666667 1.000000 
0.666667 1.000000 
1.225000 1.000000 
0.949367 1.424051 
0.666667 1.000000 
0.247863 0.371795 
0.900000 0.371795 
0.578059 0.867089 
0.247863 0.371795 
0.578059 0.867089 
0.900000 0.371795 
1.266667 0.935897 
0.623932 0.935897 
0.578059 0.867089 
0.949367 1.424051 
1.225000 1.000000 
1.308333 1.000000 
1.633333 1.500000 
1.000000 1.500000 
0.949367 1.424051 
1.000000 1.500000 
1.633333 1.500000 
1.320675 1.981013 
1.000000 1.500000 
1.320675 1.981013 
1.633333 1.500000 
2.000000 2.064103 
1.376068 2.064103 
1.320675 1.981013 
1.376068 2.064103 
2.000000 2.064103 
1.691983 2.537975 
1.376068 2.064103 
1.225000 1.000000 
1.266667 0.935897 
1.308333 1.000000 
1.225000 1.000000 
1.308333 1.000000 
1.266667 0.935897 
2.000000 0.935897 
1.958333 1.000000 
1.308333 1.000000 
1.308333 1.000000 
1.958333 1.000000 
1.633333 1.500000 
1.308333 1.000000 
1.958333 1.000000 
2.000000 0.935897 
2.366667 1.500000 
1.633333 1.500000 
1.958333 1.000000 
0.900000 0.371795 
1.633333 0.371795 
1.266667 0.935897 
0.900000 0.371795 
1.633333 0.371795 
2.366667 0.371795 
2.000000 0.935897 
1.633333 0.371795 
1.633333 0.371795 
2.000000 0.935897 
1.266667 0.935897 
1.633333 0.371795 
2.366667 0.371795 
3.100000 0.371795 
2.733333 0.935897 
2.366667 0.371795 
2.366667 0.371795 
2.733333 0.935897 
2.000000 0.935897 
2.366667 0.371795 
2.000000 0.935897 
2.733333 0.935897 
2.366667 1.500000 
2.000000 0.935897 
1.633333 1.500000 
2.366667 1.500000 
2.000000 2.064103 
1.633333 1.500000 
-0.200000 -0.192308 
0.533333 -0.192308 
1.266667 -0.192308 
2.000000 -0.192308 
2.733333 -0.192308 
3.466667 -0.192308 
4.200000 -0.192308 
0.166667 0.371795 
0.900000 0.371795 
1.633333 0.371795 
2.366667 0.371795 
3.100000 0.371795 
3.833333 0.371795 
0.533333 0.935897 
0.533333 0.935897 
1.266667 0.935897 
1.266667 0.935897 
2.000000 0.935897 
2.733333 0.935897 
3.466667 0.935897 
0.900000 1.500000 
0.900000 1.500000 
1.633333 1.500000 
2.366667 1.500000 
3.100000 1.500000 
1.266667 2.064103 
2.000000 2.064103 
2.733333 2.064103 
1.633333 2.628205 
2.366667 2.628205 
2.000000 3.192308 
1 2 8 
2 3 9 
3 4 10 
4 5 11 
5 6 12 
6 7 13 
8 2 9 
9 3 10 
10 4 11 
11 5 12 
12 6 13 
8 9 14 
9 10 16 
10 11 18 
11 12 19 
12 13 20 
14 9 16 
16 10 18 
18 11 19 
19 12 20 
14 16 21 
15 17 22 
16 18 23 
17 18 23 
18 19 24 
19 20 25 
22 17 23 
21 16 23 
23 18 24 
24 19 25 
22 23 26 
23 24 27 
24 25 28 
26 23 27 
27 24 28 
26 27 29 
27 28 30 
29 27 30 
29 30 31 
1 40 
3 1 
1 1 
48 1 
56 1 
60 1 
65 1 
69 1 
74 1 
78 1 
83 1 
87 1 
54 1 
52 1 
89 1 
128 1 
124 1 
119 1 
115 1 
100 1 
98 1 
112 1 
139 1 
137 1 
132 1 
96 1 
93 1 
109 1 
104 1 
12 1 
7 1 
5 1 
9 1 
15 1 
19 1 
24 1 
28 1 
33 1 
37 1 
42 1 
46 1 
3 1 
