61 16 1 0 
318 73 11 158 
-1.800000 0.100000 4.000000 
1.800000 0.100000 6.000000 
-2.200000 0.100000 4.000000 
2.200000 0.100000 6.000000 
-2.500000 0.100000 4.000000 
2.500000 0.100000 7.000000 
-2.900000 0.100000 4.000000 
2.900000 0.100000 7.000000 
-3.200000 0.100000 5.000000 
3.200000 0.100000 7.000000 
-3.600000 0.100000 1.000000 
3.600000 0.100000 2.000000 
-4.000000 0.100000 1.000000 
4.000000 0.100000 2.000000 
-4.400000 0.100000 3.000000 
4.400000 0.100000 8.000000 
0.000000 4.400000 48.000000 
124 126 1 
255 257 1 
83 86 1 
114 117 1 
119 122 1 
245 248 1 
250 253 1 
212 215 1 
88 91 1 
93 95 1 
139 143 1 
170 174 1 
176 179 1 
181 183 1 
259 265 1 
282 284 1 
286 289 0 
311 313 1 
230 232 1 
97 101 1 
155 159 1 
161 164 1 
185 187 1 
128 132 1 
134 137 1 
166 168 1 
267 270 1 
315 317 0 
217 220 1 
222 228 1 
291 297 1 
299 301 0 
307 309 1 
103 108 1 
145 149 1 
151 153 1 
30 35 1 
53 57 1 
46 51 1 
59 63 0 
189 192 1 
234 238 1 
272 276 0 
278 280 1 
110 112 1 
1 4 1 
6 11 1 
37 44 1 
13 16 1 
18 23 0 
240 243 1 
303 305 0 
70 73 1 
65 68 1 
25 28 1 
194 197 0 
199 202 1 
208 210 0 
75 77 1 
79 81 1 
204 206 0 
-1.500000 4.200000 
-2.403553 3.567513 
-2.039362 3.170213 
-1.338509 4.248447 
-1.500000 4.200000 
-2.403553 3.567513 
-2.800000 4.000000 
-2.800000 4.400187 
-3.700962 4.398077 
-2.475000 2.500000 
-2.039362 3.170213 
-2.403553 3.567513 
1.500000 4.200000 
1.338509 4.248447 
2.039362 3.170213 
2.403553 3.567513 
1.500000 4.200000 
2.403553 3.567513 
2.039362 3.170213 
2.475000 2.500000 
3.712500 4.403846 
2.800000 4.403846 
2.800000 4.000000 
2.403553 3.567513 
-0.500000 4.500000 
-0.820513 4.403846 
0.820513 4.403846 
0.500000 4.500000 
-0.500000 4.500000 
-1.338509 4.248447 
-2.039362 3.170213 
-1.930864 3.051852 
-1.200000 3.600000 
-0.782796 3.704301 
-1.169456 4.299163 
-1.338509 4.248447 
-1.169456 4.299163 
-0.782796 3.704301 
-0.400000 3.800000 
0.400000 3.800000 
0.782796 3.704301 
1.169456 4.299163 
0.820513 4.403846 
-0.820513 4.403846 
-1.169456 4.299163 
1.169456 4.299163 
0.782796 3.704301 
1.200000 3.600000 
1.930864 3.051852 
2.039362 3.170213 
1.338509 4.248447 
1.169456 4.299163 
-1.930864 3.051852 
-2.039362 3.170213 
-2.475000 2.500000 
-1.700000 2.500000 
-1.700000 2.800000 
-1.930864 3.051852 
1.930864 3.051852 
1.747826 2.852174 
2.100000 2.500000 
2.475000 2.500000 
2.039362 3.170213 
1.930864 3.051852 
-2.800000 5.000000 
-3.314531 5.000000 
-3.700962 4.398077 
-2.800000 4.400187 
-2.800000 5.000000 
-4.500000 5.000000 
-4.500000 4.399931 
-3.700962 4.398077 
-4.094667 5.000000 
-4.500000 5.000000 
-3.400000 5.000000 
-3.700962 4.398077 
-3.314531 5.000000 
-3.400000 5.000000 
-3.400000 5.000000 
-4.094667 5.000000 
-3.700962 4.398077 
-3.400000 5.000000 
-4.500000 0.000000 
-4.100000 0.000000 
-3.712500 0.596154 
-4.500000 0.596154 
-4.500000 0.000000 
-4.500000 1.100000 
-4.500000 0.596154 
-3.712500 0.596154 
-4.280952 1.470696 
-4.500000 1.100000 
-4.500000 1.100000 
-4.280952 1.470696 
-4.500000 1.807692 
-4.500000 1.100000 
-4.500000 1.807692 
-4.280952 1.470696 
-3.905714 2.105714 
-3.672727 2.500000 
-4.500000 2.500000 
-4.500000 1.807692 
-4.500000 2.500000 
-3.672727 2.500000 
-3.299030 3.132410 
-4.000000 3.800000 
-3.700962 4.398077 
-4.500000 3.183834 
-4.500000 2.500000 
-4.500000 3.183834 
-3.700962 4.398077 
-4.500000 4.399931 
-4.500000 3.183834 
-1.700000 0.000000 
-1.700000 0.596154 
-2.752244 0.596154 
-3.100000 0.000000 
-1.700000 0.000000 
-3.100000 0.000000 
-2.752244 0.596154 
-3.712500 0.596154 
-3.325000 0.000000 
-3.100000 0.000000 
-4.100000 0.000000 
-3.325000 0.000000 
-3.712500 0.596154 
-4.100000 0.000000 
-1.700000 2.400000 
-1.700000 2.500000 
-2.475000 2.500000 
-2.215000 2.100000 
-1.996429 1.891837 
-1.700000 2.400000 
-1.700000 2.400000 
-1.996429 1.891837 
-2.035811 1.824324 
-1.700000 1.307692 
-1.700000 2.400000 
-1.700000 0.596154 
-1.700000 1.307692 
-2.035811 1.824324 
-2.621053 0.821053 
-2.752244 0.596154 
-1.700000 0.596154 
-4.000000 3.800000 
-3.299030 3.132410 
-2.635000 2.500000 
-2.475000 2.500000 
-3.700962 4.398077 
-4.000000 3.800000 
-3.299030 3.132410 
-3.672727 2.500000 
-2.635000 2.500000 
-3.299030 3.132410 
-3.905714 2.105714 
-3.193939 1.393939 
-2.536176 2.405882 
-2.635000 2.500000 
-3.672727 2.500000 
-3.905714 2.105714 
-3.905714 2.105714 
-4.280952 1.470696 
-3.712500 0.596154 
-3.193939 1.393939 
-3.905714 2.105714 
-1.996429 1.891837 
-2.215000 2.100000 
-2.035811 1.824324 
-1.996429 1.891837 
-2.621053 0.821053 
-2.035811 1.824324 
-2.215000 2.100000 
-2.536176 2.405882 
-3.193939 1.393939 
-2.621053 0.821053 
-2.621053 0.821053 
-3.193939 1.393939 
-3.712500 0.596154 
-2.752244 0.596154 
-2.621053 0.821053 
-2.536176 2.405882 
-2.215000 2.100000 
-2.475000 2.500000 
-2.536176 2.405882 
-2.536176 2.405882 
-2.475000 2.500000 
-2.635000 2.500000 
-2.536176 2.405882 
1.700000 2.800000 
1.700000 2.500000 
2.100000 2.500000 
1.747826 2.852174 
1.700000 2.800000 
2.800000 5.000000 
2.800000 4.403846 
3.712500 4.403846 
3.325000 5.000000 
2.800000 5.000000 
4.500000 5.000000 
4.100000 5.000000 
3.753846 4.403846 
4.500000 4.403846 
4.500000 5.000000 
4.100000 5.000000 
3.325000 5.000000 
3.712500 4.403846 
4.100000 5.000000 
4.100000 5.000000 
3.712500 4.403846 
3.753846 4.403846 
4.100000 5.000000 
4.500000 0.000000 
4.500000 0.596154 
3.712500 0.596154 
4.100000 0.000000 
4.500000 0.000000 
4.500000 2.300000 
4.500000 2.500000 
3.800000 2.500000 
4.318182 1.981818 
4.500000 2.300000 
4.500000 2.300000 
4.318182 1.981818 
3.700000 0.900000 
3.200000 1.400000 
3.194764 1.392670 
3.712500 0.596154 
4.500000 1.807692 
4.500000 2.300000 
4.500000 0.596154 
4.500000 1.807692 
3.712500 0.596154 
4.500000 0.596154 
4.500000 2.500000 
4.500000 3.192308 
3.734338 4.370249 
3.071429 3.228571 
3.800000 2.500000 
4.500000 2.500000 
4.500000 3.192308 
4.500000 4.403846 
3.753846 4.403846 
3.734338 4.370249 
4.500000 3.192308 
1.700000 0.000000 
2.200000 0.000000 
2.625824 0.596154 
1.700000 0.596154 
1.700000 0.000000 
2.200000 0.000000 
3.325000 0.000000 
3.712500 0.596154 
2.625824 0.596154 
2.200000 0.000000 
3.325000 0.000000 
4.100000 0.000000 
3.712500 0.596154 
3.325000 0.000000 
1.700000 0.596154 
2.625824 0.596154 
3.194764 1.392670 
3.171429 1.428571 
2.446939 2.153061 
2.327273 2.272727 
1.700000 1.307692 
1.700000 0.596154 
1.700000 1.307692 
2.327273 2.272727 
2.100000 2.500000 
1.700000 2.500000 
1.700000 1.307692 
3.071429 3.228571 
3.734338 4.370249 
3.712500 4.403846 
2.475000 2.500000 
2.648387 2.500000 
3.071429 3.228571 
3.071429 3.228571 
2.648387 2.500000 
3.800000 2.500000 
3.071429 3.228571 
2.446939 2.153061 
3.171429 1.428571 
2.566579 2.359109 
2.446939 2.153061 
2.446939 2.153061 
2.566579 2.359109 
2.475000 2.500000 
2.327273 2.272727 
2.446939 2.153061 
2.566579 2.359109 
3.171429 1.428571 
3.200000 1.400000 
3.700000 0.900000 
4.318182 1.981818 
3.800000 2.500000 
2.648387 2.500000 
2.566579 2.359109 
2.566579 2.359109 
2.648387 2.500000 
2.475000 2.500000 
2.566579 2.359109 
3.734338 4.370249 
3.753846 4.403846 
3.712500 4.403846 
3.734338 4.370249 
3.200000 1.400000 
3.171429 1.428571 
3.194764 1.392670 
3.200000 1.400000 
2.625824 0.596154 
3.712500 0.596154 
3.194764 1.392670 
2.625824 0.596154 
2.327273 2.272727 
2.475000 2.500000 
2.100000 2.500000 
2.327273 2.272727 
-4.950000 -1.307692 
-2.475000 -1.307692 
-2.475000 -1.307692 
2.475000 -1.307692 
2.475000 -1.307692 
4.950000 -1.307692 
-6.187500 0.596154 
-3.712500 0.596154 
-3.712500 0.596154 
-3.712500 0.596154 
-3.712500 0.596154 
-3.712500 0.596154 
-1.237500 0.596154 
-1.237500 0.596154 
-1.237500 0.596154 
-1.237500 0.596154 
1.237500 0.596154 
1.237500 0.596154 
1.237500 0.596154 
1.237500 0.596154 
3.712500 0.596154 
3.712500 0.596154 
3.712500 0.596154 
3.712500 0.596154 
3.712500 0.596154 
6.187500 0.596154 
-4.950000 2.500000 
-4.950000 2.500000 
-4.950000 2.500000 
-4.950000 2.500000 
-2.475000 2.500000 
-2.475000 2.500000 
-2.475000 2.500000 
-2.475000 2.500000 
-2.475000 2.500000 
-2.475000 2.500000 
0.000000 2.500000 
0.000000 2.500000 
0.000000 2.500000 
0.000000 2.500000 
0.000000 2.500000 
2.475000 2.500000 
2.475000 2.500000 
2.475000 2.500000 
2.475000 2.500000 
2.475000 2.500000 
2.475000 2.500000 
4.950000 2.500000 
4.950000 2.500000 
4.950000 2.500000 
4.950000 2.500000 
-6.187500 4.403846 
-3.700962 4.398077 
-3.700962 4.398077 
-3.700962 4.398077 
-3.700962 4.398077 
-1.237500 4.403846 
-1.237500 4.403846 
1.237500 4.403846 
1.237500 4.403846 
3.712500 4.403846 
3.712500 4.403846 
3.712500 4.403846 
3.712500 4.403846 
6.187500 4.403846 
6.187500 4.403846 
-4.950000 6.307692 
-2.475000 6.307692 
-2.475000 6.307692 
0.000000 6.307692 
2.475000 6.307692 
4.950000 6.307692 
4.950000 6.307692 
1 2 8 
4 6 21 
7 1 8 
9 3 13 
8 2 14 
17 5 22 
18 4 21 
21 6 26 
7 8 27 
28 10 35 
9 13 31 
11 15 32 
8 14 33 
12 16 34 
17 22 42 
19 23 43 
20 24 44 
18 21 45 
21 26 48 
28 10 35 
29 11 32 
27 8 33 
30 12 34 
34 16 37 
31 13 38 
11 15 32 
39 17 42 
40 20 44 
46 25 49 
45 21 48 
43 23 50 
44 24 51 
17 22 42 
28 35 53 
30 34 54 
29 32 55 
36 41 57 
34 37 58 
41 47 59 
40 44 60 
39 17 42 
46 49 61 
44 51 62 
43 50 63 
52 28 53 
56 36 57 
54 34 58 
57 41 59 
59 47 64 
60 44 62 
61 49 65 
62 51 66 
52 53 67 
54 58 68 
57 59 70 
60 62 71 
61 65 72 
62 66 73 
54 58 68 
67 53 69 
71 62 73 
1 22 
24 41 
43 59 
61 74 
76 86 
88 96 
98 107 
109 122 
124 134 
136 147 
149 157 
4 1 
1 1 
2 1 
31 1 
32 1 
33 1 
38 1 
39 1 
40 1 
47 1 
48 1 
49 1 
15 1 
16 1 
13 1 
51 1 
42 1 
27 1 
28 1 
25 1 
44 1 
35 1 
4 1 
11 1 
6 1 
7 1 
68 1 
65 1 
77 1 
75 1 
149 1 
145 1 
146 1 
187 1 
181 1 
131 1 
132 1 
128 1 
56 1 
57 1 
53 1 
11 1 
23 1 
18 1 
63 1 
59 1 
60 1 
317 1 
289 1 
286 1 
299 1 
276 1 
272 1 
303 1 
210 1 
204 1 
197 1 
194 1 
22 1 
23 1 
73 1 
70 1 
112 1 
108 1 
101 1 
95 1 
93 1 
98 1 
99 1 
104 1 
105 1 
106 1 
81 1 
79 1 
73 1 
86 1 
83 1 
124 1 
122 1 
119 1 
179 1 
176 1 
164 1 
161 1 
91 1 
88 1 
86 1 
117 1 
114 1 
139 1 
137 1 
134 1 
135 1 
141 1 
142 1 
116 1 
117 1 
153 1 
151 1 
159 1 
155 1 
174 1 
170 1 
168 1 
166 1 
172 1 
157 1 
153 1 
192 1 
189 1 
270 1 
265 1 
248 1 
245 1 
246 1 
260 1 
309 1 
307 1 
262 1 
263 1 
268 1 
191 1 
192 1 
202 1 
199 1 
200 1 
242 1 
236 1 
237 1 
219 1 
220 1 
217 1 
234 1 
240 1 
202 1 
215 1 
212 1 
230 1 
228 1 
222 1 
223 1 
224 1 
225 1 
313 1 
253 1 
250 1 
255 1 
215 1 
280 1 
278 1 
297 1 
284 1 
282 1 
292 1 
293 1 
294 1 
295 1 
280 1 
