96 6 0 9 
438 76 4 116 
11.000000 6.000000 68.000000 
11.000000 0.100000 6.000000 
9.000000 0.100000 5.000000 
7.000000 0.100000 4.000000 
4.000000 0.100000 9.000000 
1.000000 0.100000 1.000000 
10.000000 8.000000 81.000000 
7.000000 8.000000 77.000000 
5.000000 5.000000 62.000000 
5.500000 8.000000 78.000000 
4.000000 7.500000 76.000000 
4.000000 5.500000 52.000000 
3.000000 5.000000 53.000000 
1.500000 3.000000 32.000000 
3.000000 3.000000 35.000000 
6 9 1 
18 20 1 
27 29 1 
36 38 1 
45 47 1 
1 4 1 
11 16 1 
128 130 1 
22 25 1 
31 34 1 
40 43 1 
49 52 1 
69 71 1 
132 134 1 
136 140 1 
142 146 1 
148 150 1 
391 393 1 
395 397 1 
403 405 1 
73 75 1 
378 380 1 
109 111 1 
113 116 1 
118 121 1 
123 126 1 
152 155 1 
157 159 1 
399 401 1 
407 409 1 
77 80 1 
382 384 1 
265 268 1 
270 272 1 
274 278 1 
161 163 1 
165 168 1 
411 413 1 
415 417 1 
82 85 1 
386 389 1 
280 283 1 
285 288 1 
356 358 1 
170 173 1 
175 177 1 
419 421 1 
423 425 1 
87 89 1 
373 376 1 
290 292 1 
294 298 1 
360 362 1 
179 181 1 
183 186 1 
197 200 1 
202 204 1 
427 429 1 
91 93 1 
346 349 1 
351 354 1 
300 303 1 
305 307 1 
188 190 1 
192 195 1 
206 209 1 
211 213 1 
95 98 1 
364 366 1 
309 311 1 
313 316 1 
431 433 1 
215 217 1 
219 222 1 
100 103 1 
368 371 1 
318 321 1 
323 325 1 
435 437 1 
224 227 1 
229 231 1 
105 107 1 
337 340 1 
327 329 1 
331 335 1 
256 259 1 
233 235 1 
237 241 1 
54 56 1 
58 61 1 
342 344 1 
247 250 1 
252 254 1 
261 263 1 
63 67 1 
243 245 1 
12.000000 0.000000 
12.000000 0.534231 
11.541250 1.240000 
10.735250 0.000000 
12.000000 0.000000 
0.000000 0.000000 
1.264750 0.000000 
0.743527 0.801881 
0.000000 0.300000 
0.000000 0.000000 
1.264750 0.000000 
1.869250 0.000000 
2.675250 1.240000 
1.392593 1.240000 
1.200000 1.110000 
0.743527 0.801881 
1.264750 0.000000 
1.869250 0.000000 
3.481250 0.000000 
2.675250 1.240000 
1.869250 0.000000 
3.481250 0.000000 
4.085750 0.000000 
4.891750 1.240000 
2.675250 1.240000 
3.481250 0.000000 
4.085750 0.000000 
5.697750 0.000000 
4.891750 1.240000 
4.085750 0.000000 
5.697750 0.000000 
6.302250 0.000000 
7.108250 1.240000 
4.891750 1.240000 
5.697750 0.000000 
6.302250 0.000000 
7.914250 0.000000 
7.108250 1.240000 
6.302250 0.000000 
7.914250 0.000000 
8.518750 0.000000 
9.324750 1.240000 
7.108250 1.240000 
7.914250 0.000000 
8.518750 0.000000 
10.130750 0.000000 
9.324750 1.240000 
8.518750 0.000000 
10.130750 0.000000 
10.735250 0.000000 
11.541250 1.240000 
9.324750 1.240000 
10.130750 0.000000 
12.000000 8.400000 
12.000000 8.765769 
11.576392 8.114065 
12.000000 8.400000 
12.000000 8.400000 
11.576392 8.114065 
11.541250 8.060000 
12.000000 8.060000 
12.000000 8.400000 
12.000000 9.300000 
10.735250 9.300000 
11.527541 8.081090 
11.576392 8.114065 
12.000000 8.765769 
12.000000 9.300000 
12.000000 0.534231 
12.000000 1.240000 
11.541250 1.240000 
12.000000 0.534231 
12.000000 1.240000 
12.000000 1.945769 
11.541250 1.240000 
12.000000 1.240000 
12.000000 1.945769 
12.000000 2.945000 
10.433000 2.945000 
11.541250 1.240000 
12.000000 1.945769 
12.000000 2.945000 
12.000000 3.944231 
11.541250 4.650000 
10.433000 2.945000 
12.000000 2.945000 
12.000000 3.944231 
12.000000 4.650000 
11.541250 4.650000 
12.000000 3.944231 
12.000000 4.650000 
12.000000 5.355769 
11.541250 4.650000 
12.000000 4.650000 
12.000000 5.355769 
12.000000 6.355000 
10.433000 6.355000 
11.541250 4.650000 
12.000000 5.355769 
12.000000 6.355000 
12.000000 7.354231 
11.541250 8.060000 
10.433000 6.355000 
12.000000 6.355000 
12.000000 7.354231 
12.000000 8.060000 
11.541250 8.060000 
12.000000 7.354231 
3.200000 2.460000 
3.200000 2.047308 
3.677951 2.782617 
3.200000 2.460000 
3.200000 2.460000 
3.677951 2.782617 
3.783500 2.945000 
3.200000 2.945000 
3.200000 2.460000 
3.200000 2.460000 
3.200000 2.945000 
1.567000 2.945000 
2.284101 1.841768 
3.200000 2.460000 
3.200000 2.460000 
2.284101 1.841768 
2.675250 1.240000 
3.200000 2.047308 
3.200000 2.460000 
1.200000 1.110000 
1.392593 1.240000 
1.200000 1.240000 
1.200000 1.110000 
1.392593 1.240000 
2.675250 1.240000 
2.284101 1.841768 
1.392593 1.240000 
1.392593 1.240000 
2.284101 1.841768 
1.567000 2.945000 
1.200000 2.380385 
1.200000 1.240000 
1.392593 1.240000 
3.677951 2.782617 
3.200000 2.047308 
2.675250 1.240000 
4.891750 1.240000 
3.824674 2.881655 
3.677951 2.782617 
3.677951 2.782617 
3.824674 2.881655 
3.783500 2.945000 
3.677951 2.782617 
3.824674 2.881655 
4.891750 1.240000 
6.000000 2.945000 
3.918519 2.945000 
3.824674 2.881655 
3.824674 2.881655 
3.918519 2.945000 
3.783500 2.945000 
3.824674 2.881655 
3.918519 2.945000 
6.000000 2.945000 
5.365248 3.921542 
3.918519 2.945000 
3.918519 2.945000 
5.365248 3.921542 
4.891750 4.650000 
3.783500 2.945000 
3.918519 2.945000 
5.365248 3.921542 
6.000000 2.945000 
7.108250 4.650000 
6.444444 4.650000 
5.365248 3.921542 
5.365248 3.921542 
6.444444 4.650000 
4.891750 4.650000 
5.365248 3.921542 
6.444444 4.650000 
7.108250 4.650000 
6.905821 4.961429 
6.444444 4.650000 
6.444444 4.650000 
6.905821 4.961429 
6.000000 6.355000 
4.891750 4.650000 
6.444444 4.650000 
6.905821 4.961429 
7.108250 4.650000 
7.627171 5.448341 
6.905821 4.961429 
6.905821 4.961429 
7.627171 5.448341 
8.216500 6.355000 
6.000000 6.355000 
6.905821 4.961429 
7.627171 5.448341 
7.108250 4.650000 
9.324750 4.650000 
8.446394 6.001316 
7.627171 5.448341 
7.627171 5.448341 
8.446394 6.001316 
8.216500 6.355000 
7.627171 5.448341 
8.446394 6.001316 
9.324750 4.650000 
10.433000 6.355000 
8.970370 6.355000 
8.446394 6.001316 
8.446394 6.001316 
8.970370 6.355000 
8.216500 6.355000 
8.446394 6.001316 
8.970370 6.355000 
10.433000 6.355000 
9.986968 7.041203 
8.970370 6.355000 
8.970370 6.355000 
9.986968 7.041203 
9.324750 8.060000 
8.216500 6.355000 
8.970370 6.355000 
9.986968 7.041203 
10.433000 6.355000 
11.541250 8.060000 
11.496296 8.060000 
9.986968 7.041203 
9.986968 7.041203 
11.496296 8.060000 
9.324750 8.060000 
9.986968 7.041203 
11.496296 8.060000 
11.541250 8.060000 
11.527541 8.081090 
11.496296 8.060000 
11.496296 8.060000 
11.527541 8.081090 
10.735250 9.300000 
10.130750 9.300000 
9.324750 8.060000 
11.496296 8.060000 
11.527541 8.081090 
11.541250 8.060000 
11.576392 8.114065 
11.527541 8.081090 
6.600000 9.300000 
6.461322 9.055274 
7.108250 8.060000 
7.914250 9.300000 
6.600000 9.300000 
6.600000 9.300000 
6.357811 9.214522 
6.461322 9.055274 
6.600000 9.300000 
7.914250 9.300000 
7.108250 8.060000 
9.324750 8.060000 
8.518750 9.300000 
7.914250 9.300000 
8.518750 9.300000 
9.324750 8.060000 
10.130750 9.300000 
8.518750 9.300000 
3.200000 3.300000 
3.200000 2.945000 
3.783500 2.945000 
3.364295 3.589932 
3.200000 3.300000 
3.200000 3.300000 
3.364295 3.589932 
3.200000 3.842692 
3.200000 3.300000 
3.200000 3.300000 
3.200000 3.842692 
2.675250 4.650000 
1.567000 2.945000 
3.200000 2.945000 
3.200000 3.300000 
3.364295 3.589932 
3.783500 2.945000 
4.891750 4.650000 
3.965000 4.650000 
3.364295 3.589932 
3.364295 3.589932 
3.965000 4.650000 
3.200000 4.650000 
3.200000 3.842692 
3.364295 3.589932 
3.965000 4.650000 
4.891750 4.650000 
4.396637 5.411712 
3.965000 4.650000 
3.965000 4.650000 
4.396637 5.411712 
3.783500 6.355000 
3.200000 5.457308 
3.200000 4.650000 
3.965000 4.650000 
4.396637 5.411712 
4.891750 4.650000 
6.000000 6.355000 
4.931167 6.355000 
4.396637 5.411712 
4.396637 5.411712 
4.931167 6.355000 
3.783500 6.355000 
4.396637 5.411712 
4.931167 6.355000 
6.000000 6.355000 
5.428979 7.233493 
4.931167 6.355000 
4.931167 6.355000 
5.428979 7.233493 
4.891750 8.060000 
3.783500 6.355000 
4.931167 6.355000 
5.428979 7.233493 
6.000000 6.355000 
7.108250 8.060000 
5.897333 8.060000 
5.428979 7.233493 
5.428979 7.233493 
5.897333 8.060000 
4.891750 8.060000 
5.428979 7.233493 
5.897333 8.060000 
7.108250 8.060000 
6.461322 9.055274 
5.897333 8.060000 
5.897333 8.060000 
6.461322 9.055274 
6.357811 9.214522 
5.429141 8.886756 
4.891750 8.060000 
5.897333 8.060000 
3.200000 8.100000 
3.200000 8.060000 
4.891750 8.060000 
4.554916 8.578206 
3.200000 8.100000 
4.554916 8.578206 
4.891750 8.060000 
5.429141 8.886756 
4.554916 8.578206 
3.200000 5.600000 
3.200000 5.457308 
3.783500 6.355000 
3.200000 6.355000 
3.200000 5.600000 
3.200000 5.600000 
2.057750 5.600000 
2.675250 4.650000 
3.200000 5.457308 
3.200000 5.600000 
3.200000 3.842692 
3.200000 4.650000 
2.675250 4.650000 
3.200000 3.842692 
3.200000 4.650000 
3.200000 5.457308 
2.675250 4.650000 
3.200000 4.650000 
3.200000 6.355000 
3.783500 6.355000 
3.200000 7.252692 
3.200000 6.355000 
3.200000 7.252692 
3.783500 6.355000 
4.891750 8.060000 
3.200000 8.060000 
3.200000 7.252692 
1.200000 5.600000 
1.200000 4.650000 
2.675250 4.650000 
2.057750 5.600000 
1.200000 5.600000 
1.200000 2.380385 
1.567000 2.945000 
1.200000 2.945000 
1.200000 2.380385 
1.200000 2.945000 
1.567000 2.945000 
1.200000 3.509615 
1.200000 2.945000 
1.200000 3.509615 
1.567000 2.945000 
2.675250 4.650000 
1.200000 4.650000 
1.200000 3.509615 
4.891750 1.240000 
7.108250 1.240000 
6.000000 2.945000 
4.891750 1.240000 
7.108250 1.240000 
9.324750 1.240000 
8.216500 2.945000 
7.108250 1.240000 
7.108250 1.240000 
8.216500 2.945000 
6.000000 2.945000 
7.108250 1.240000 
9.324750 1.240000 
11.541250 1.240000 
10.433000 2.945000 
9.324750 1.240000 
9.324750 1.240000 
10.433000 2.945000 
8.216500 2.945000 
9.324750 1.240000 
6.000000 2.945000 
8.216500 2.945000 
7.108250 4.650000 
6.000000 2.945000 
8.216500 2.945000 
10.433000 2.945000 
9.324750 4.650000 
8.216500 2.945000 
8.216500 2.945000 
9.324750 4.650000 
7.108250 4.650000 
8.216500 2.945000 
10.433000 2.945000 
11.541250 4.650000 
9.324750 4.650000 
10.433000 2.945000 
9.324750 4.650000 
11.541250 4.650000 
10.433000 6.355000 
9.324750 4.650000 
6.000000 6.355000 
8.216500 6.355000 
7.108250 8.060000 
6.000000 6.355000 
8.216500 6.355000 
9.324750 8.060000 
7.108250 8.060000 
8.216500 6.355000 
-0.649500 -0.465000 
1.567000 -0.465000 
3.783500 -0.465000 
6.000000 -0.465000 
8.216500 -0.465000 
10.433000 -0.465000 
12.649500 -0.465000 
0.458750 1.240000 
0.458750 1.240000 
2.675250 1.240000 
2.675250 1.240000 
2.675250 1.240000 
4.891750 1.240000 
4.891750 1.240000 
7.108250 1.240000 
9.324750 1.240000 
11.541250 1.240000 
13.757750 1.240000 
-0.649500 2.945000 
1.567000 2.945000 
1.567000 2.945000 
1.567000 2.945000 
3.783500 2.945000 
3.783500 2.945000 
3.783500 2.945000 
3.783500 2.945000 
6.000000 2.945000 
6.000000 2.945000 
8.216500 2.945000 
10.433000 2.945000 
12.649500 2.945000 
0.458750 4.650000 
2.675250 4.650000 
2.675250 4.650000 
2.675250 4.650000 
4.891750 4.650000 
4.891750 4.650000 
4.891750 4.650000 
4.891750 4.650000 
7.108250 4.650000 
7.108250 4.650000 
9.324750 4.650000 
9.324750 4.650000 
11.541250 4.650000 
13.757750 4.650000 
1.567000 6.355000 
1.567000 6.355000 
3.783500 6.355000 
3.783500 6.355000 
3.783500 6.355000 
6.000000 6.355000 
6.000000 6.355000 
6.000000 6.355000 
8.216500 6.355000 
8.216500 6.355000 
10.433000 6.355000 
10.433000 6.355000 
12.649500 6.355000 
2.675250 8.060000 
4.891750 8.060000 
4.891750 8.060000 
7.108250 8.060000 
7.108250 8.060000 
9.324750 8.060000 
9.324750 8.060000 
11.541250 8.060000 
11.541250 8.060000 
13.757750 8.060000 
3.783500 9.765000 
6.000000 9.765000 
6.000000 9.765000 
8.216500 9.765000 
10.433000 9.765000 
10.433000 9.765000 
12.649500 9.765000 
12.649500 9.765000 
1 2 8 
2 3 10 
3 4 13 
4 5 15 
5 6 16 
6 7 17 
8 2 10 
9 11 21 
10 3 13 
13 4 15 
15 5 16 
16 6 17 
17 7 18 
8 10 20 
9 11 21 
10 13 23 
12 14 24 
13 15 27 
15 16 29 
16 17 30 
17 18 31 
19 9 21 
10 13 23 
22 12 24 
21 11 25 
20 10 23 
23 13 27 
24 14 28 
27 15 29 
29 16 30 
30 17 31 
19 21 32 
22 24 33 
34 26 38 
21 25 35 
23 27 36 
24 28 37 
27 29 40 
29 30 42 
30 31 44 
32 21 35 
33 24 37 
34 26 38 
35 25 39 
36 27 40 
37 28 41 
40 29 42 
42 30 44 
44 31 45 
32 35 46 
33 37 48 
34 38 49 
35 39 50 
36 40 51 
37 41 52 
40 42 54 
41 43 55 
42 44 56 
44 45 58 
47 34 49 
46 35 50 
48 37 52 
49 38 53 
51 40 54 
52 41 55 
54 42 56 
55 43 57 
56 44 58 
47 49 59 
48 52 60 
49 53 61 
52 55 62 
54 56 64 
55 57 65 
56 58 66 
59 49 61 
60 52 62 
61 53 63 
62 55 65 
64 56 66 
65 57 67 
66 58 68 
59 61 69 
60 62 70 
61 63 71 
62 65 72 
64 66 73 
65 67 74 
74 67 75 
66 68 76 
69 61 71 
70 62 72 
61 63 71 
72 65 74 
74 67 75 
73 66 76 
1 44 
46 76 
78 94 
96 115 
4 1 
1 1 
69 1 
73 1 
77 1 
82 1 
87 1 
91 1 
95 1 
100 1 
105 1 
61 1 
58 1 
245 1 
235 1 
227 1 
217 1 
209 1 
200 1 
190 1 
181 1 
173 1 
163 1 
155 1 
146 1 
111 1 
109 1 
126 1 
123 1 
134 1 
14 1 
15 1 
8 1 
9 1 
6 1 
11 1 
18 1 
22 1 
27 1 
31 1 
36 1 
40 1 
45 1 
49 1 
4 1 
56 1 
54 1 
67 1 
63 1 
239 1 
263 1 
259 1 
250 1 
247 1 
329 1 
321 1 
311 1 
303 1 
292 1 
283 1 
268 1 
265 1 
116 1 
113 1 
148 1 
157 1 
165 1 
175 1 
183 1 
192 1 
202 1 
211 1 
219 1 
229 1 
237 1 
65 1 
56 1 
121 1 
118 1 
278 1 
274 1 
356 1 
360 1 
354 1 
351 1 
376 1 
373 1 
389 1 
384 1 
380 1 
139 1 
130 1 
128 1 
136 1 
121 1 
254 1 
252 1 
333 1 
344 1 
340 1 
337 1 
371 1 
366 1 
349 1 
346 1 
297 1 
287 1 
272 1 
270 1 
285 1 
294 1 
305 1 
313 1 
323 1 
331 1 
254 1 
