53 4 1 0 
247 58 7 91 
-0.829038 0.559193 4.000000 
-1.243556 0.838789 7.000000 
0.829038 0.559193 5.000000 
1.243556 0.838789 14.000000 
0.000000 1.250000 30.000000 
11 13 1 
212 214 1 
15 17 1 
1 4 1 
202 205 1 
216 218 1 
6 9 1 
19 22 1 
24 27 1 
220 222 1 
224 226 1 
173 176 1 
178 181 1 
207 210 1 
38 40 1 
42 46 1 
48 51 1 
53 56 1 
77 80 1 
82 85 1 
116 119 1 
144 147 1 
149 152 1 
192 196 1 
198 200 1 
29 32 1 
34 36 1 
68 71 1 
73 75 1 
97 101 1 
103 105 1 
131 133 1 
164 166 1 
168 171 1 
183 186 1 
188 190 1 
58 61 1 
63 66 1 
107 109 1 
111 114 1 
135 138 1 
140 142 1 
154 157 1 
159 162 1 
228 230 1 
87 90 1 
92 95 1 
121 124 1 
126 129 1 
240 242 1 
232 234 1 
236 238 1 
244 246 1 
-0.829038 0.559193 
-0.725517 0.674164 
-0.918021 0.674164 
-0.854417 0.576311 
-0.829038 0.559193 
-1.243556 0.838789 
-0.999489 0.674164 
-0.918021 0.674164 
-1.116645 0.979739 
-1.243556 0.838789 
-0.942852 0.635962 
-0.854417 0.576311 
-0.918021 0.674164 
-0.942852 0.635962 
-0.942852 0.635962 
-0.918021 0.674164 
-0.999489 0.674164 
-0.942852 0.635962 
-0.642788 0.766044 
-0.554566 0.821172 
-0.688516 1.027249 
-0.764227 0.910770 
-0.642788 0.766044 
-0.642788 0.766044 
-0.764227 0.910770 
-0.918021 0.674164 
-0.725517 0.674164 
-0.642788 0.766044 
-0.964181 1.149067 
-0.861964 1.027249 
-0.688516 1.027249 
-0.824451 1.236380 
-0.964181 1.149067 
-0.964181 1.149067 
-1.073867 1.027249 
-0.861964 1.027249 
-0.964181 1.149067 
-0.764227 0.910770 
-0.688516 1.027249 
-0.861964 1.027249 
-0.764227 0.910770 
-0.764227 0.910770 
-0.861964 1.027249 
-1.073867 1.027249 
-1.116645 0.979739 
-0.918021 0.674164 
-0.764227 0.910770 
-0.406737 0.913545 
-0.279743 0.949960 
-0.229505 1.027249 
-0.457361 1.027249 
-0.406737 0.913545 
-0.406737 0.913545 
-0.457361 1.027249 
-0.688516 1.027249 
-0.554566 0.821172 
-0.406737 0.913545 
-0.610105 1.370318 
-0.551329 1.238305 
-0.459010 1.380334 
-0.575176 1.380334 
-0.610105 1.370318 
-0.610105 1.370318 
-0.824451 1.236380 
-0.688516 1.027249 
-0.551329 1.238305 
-0.610105 1.370318 
-0.457361 1.027249 
-0.229505 1.027249 
-0.459010 1.380334 
-0.551329 1.238305 
-0.457361 1.027249 
-0.457361 1.027249 
-0.551329 1.238305 
-0.688516 1.027249 
-0.457361 1.027249 
-0.139173 0.990268 
0.139173 0.990268 
0.144370 1.027249 
-0.144370 1.027249 
-0.139173 0.990268 
-0.139173 0.990268 
-0.144370 1.027249 
-0.229505 1.027249 
-0.195053 0.974245 
-0.139173 0.990268 
-0.208760 1.485402 
-0.193993 1.380334 
0.000000 1.380334 
-0.068294 1.485402 
-0.208760 1.485402 
-0.208760 1.485402 
-0.432399 1.421275 
-0.459010 1.380334 
-0.193993 1.380334 
-0.208760 1.485402 
-0.144370 1.027249 
0.144370 1.027249 
0.159506 1.134941 
0.000000 1.380334 
-0.159506 1.134941 
-0.144370 1.027249 
-0.144370 1.027249 
-0.159506 1.134941 
-0.229505 1.027249 
-0.144370 1.027249 
-0.159506 1.134941 
0.000000 1.380334 
-0.193993 1.380334 
-0.159506 1.134941 
-0.159506 1.134941 
-0.193993 1.380334 
-0.459010 1.380334 
-0.229505 1.027249 
-0.159506 1.134941 
0.139173 0.990268 
0.195053 0.974245 
0.229505 1.027249 
0.144370 1.027249 
0.139173 0.990268 
0.208760 1.485402 
0.068294 1.485402 
0.000000 1.380334 
0.193993 1.380334 
0.208760 1.485402 
0.208760 1.485402 
0.193993 1.380334 
0.459010 1.380334 
0.432399 1.421275 
0.208760 1.485402 
0.144370 1.027249 
0.229505 1.027249 
0.159506 1.134941 
0.144370 1.027249 
0.159506 1.134941 
0.229505 1.027249 
0.459010 1.380334 
0.193993 1.380334 
0.159506 1.134941 
0.159506 1.134941 
0.193993 1.380334 
0.000000 1.380334 
0.159506 1.134941 
0.406737 0.913545 
0.554566 0.821172 
0.688516 1.027249 
0.457361 1.027249 
0.406737 0.913545 
0.406737 0.913545 
0.457361 1.027249 
0.229505 1.027249 
0.279743 0.949960 
0.406737 0.913545 
0.610105 1.370318 
0.575176 1.380334 
0.459010 1.380334 
0.551329 1.238305 
0.610105 1.370318 
0.610105 1.370318 
0.551329 1.238305 
0.688516 1.027249 
0.824451 1.236380 
0.610105 1.370318 
0.457361 1.027249 
0.688516 1.027249 
0.551329 1.238305 
0.457361 1.027249 
0.457361 1.027249 
0.551329 1.238305 
0.459010 1.380334 
0.229505 1.027249 
0.457361 1.027249 
0.642788 0.766044 
0.725517 0.674164 
0.918021 0.674164 
0.764227 0.910770 
0.642788 0.766044 
0.642788 0.766044 
0.764227 0.910770 
0.688516 1.027249 
0.554566 0.821172 
0.642788 0.766044 
0.964181 1.149067 
0.824451 1.236380 
0.688516 1.027249 
0.861964 1.027249 
0.964181 1.149067 
0.964181 1.149067 
0.861964 1.027249 
1.073867 1.027249 
0.964181 1.149067 
0.764227 0.910770 
0.918021 0.674164 
1.116645 0.979739 
1.073867 1.027249 
0.861964 1.027249 
0.764227 0.910770 
0.764227 0.910770 
0.861964 1.027249 
0.688516 1.027249 
0.764227 0.910770 
0.829038 0.559193 
0.854417 0.576311 
0.918021 0.674164 
0.725517 0.674164 
0.829038 0.559193 
1.243556 0.838789 
1.116645 0.979739 
0.918021 0.674164 
0.999489 0.674164 
1.243556 0.838789 
0.854417 0.576311 
0.942852 0.635962 
0.918021 0.674164 
0.854417 0.576311 
0.942852 0.635962 
0.999489 0.674164 
0.918021 0.674164 
0.942852 0.635962 
-0.279743 0.949960 
-0.195053 0.974245 
-0.229505 1.027249 
-0.279743 0.949960 
0.195053 0.974245 
0.279743 0.949960 
0.229505 1.027249 
0.195053 0.974245 
-0.575176 1.380334 
-0.459010 1.380334 
-0.477260 1.408411 
-0.575176 1.380334 
-0.477260 1.408411 
-0.459010 1.380334 
-0.432399 1.421275 
-0.477260 1.408411 
-0.068294 1.485402 
0.000000 1.380334 
0.068294 1.485402 
-0.068294 1.485402 
0.575176 1.380334 
0.477260 1.408411 
0.459010 1.380334 
0.575176 1.380334 
0.432399 1.421275 
0.459010 1.380334 
0.477260 1.408411 
0.432399 1.421275 
-1.147526 0.321079 
-0.688516 0.321079 
0.688516 0.321079 
1.147526 0.321079 
-1.377031 0.674164 
-0.918021 0.674164 
-0.918021 0.674164 
-0.459010 0.674164 
-0.459010 0.674164 
-0.459010 0.674164 
0.000000 0.674164 
0.000000 0.674164 
0.000000 0.674164 
0.459010 0.674164 
0.459010 0.674164 
0.459010 0.674164 
0.918021 0.674164 
0.918021 0.674164 
1.377031 0.674164 
-1.147526 1.027249 
-1.147526 1.027249 
-0.688516 1.027249 
-0.688516 1.027249 
-0.688516 1.027249 
-0.229505 1.027249 
-0.229505 1.027249 
-0.229505 1.027249 
-0.229505 1.027249 
0.229505 1.027249 
0.229505 1.027249 
0.229505 1.027249 
0.229505 1.027249 
0.688516 1.027249 
0.688516 1.027249 
0.688516 1.027249 
1.147526 1.027249 
1.147526 1.027249 
-0.918021 1.380334 
-0.918021 1.380334 
-0.918021 1.380334 
-0.459010 1.380334 
-0.459010 1.380334 
-0.459010 1.380334 
0.000000 1.380334 
0.000000 1.380334 
0.000000 1.380334 
0.459010 1.380334 
0.459010 1.380334 
0.459010 1.380334 
0.918021 1.380334 
0.918021 1.380334 
0.918021 1.380334 
-0.688516 1.733419 
-0.229505 1.733419 
-0.229505 1.733419 
0.229505 1.733419 
0.229505 1.733419 
0.688516 1.733419 
1 2 6 
3 4 17 
5 1 6 
6 2 8 
14 3 17 
17 4 19 
5 6 20 
7 9 22 
6 8 23 
10 11 25 
12 15 29 
14 17 33 
16 18 34 
17 19 36 
21 7 22 
20 6 23 
24 10 25 
22 9 26 
27 13 30 
25 11 31 
28 12 29 
32 16 34 
29 15 35 
33 17 36 
34 18 37 
21 22 38 
20 23 39 
24 25 41 
22 26 42 
27 30 44 
25 31 45 
28 29 46 
32 34 47 
29 35 48 
34 37 50 
33 36 51 
40 24 41 
38 22 42 
43 27 44 
41 25 45 
46 29 48 
44 30 49 
48 35 52 
47 34 50 
40 41 53 
43 44 54 
41 45 55 
44 49 56 
46 48 57 
48 52 58 
53 41 55 
54 44 56 
57 48 58 
1 12 
14 23 
25 38 
40 51 
53 66 
68 77 
79 90 
4 1 
1 1 
27 1 
24 1 
42 1 
36 1 
34 1 
44 1 
9 1 
6 1 
17 1 
11 1 
4 1 
22 1 
19 1 
56 1 
53 1 
73 1 
66 1 
63 1 
32 1 
29 1 
40 1 
22 1 
51 1 
48 1 
220 1 
85 1 
82 1 
103 1 
111 1 
95 1 
92 1 
234 1 
230 1 
61 1 
58 1 
71 1 
51 1 
80 1 
77 1 
78 1 
98 1 
140 1 
124 1 
121 1 
238 1 
90 1 
87 1 
109 1 
101 1 
80 1 
119 1 
116 1 
224 1 
152 1 
149 1 
168 1 
157 1 
154 1 
240 1 
246 1 
129 1 
126 1 
138 1 
133 1 
119 1 
147 1 
144 1 
181 1 
178 1 
198 1 
186 1 
183 1 
162 1 
159 1 
166 1 
147 1 
176 1 
173 1 
205 1 
202 1 
212 1 
216 1 
210 1 
207 1 
194 1 
190 1 
188 1 
196 1 
176 1 
