93 5 0 0 
466 81 7 172 
1.300000 0.000000 90.000000 
1.300000 -1.500000 13.000000 
0.600000 -1.499000 11.000000 
-0.500000 -1.499000 2.000000 
-1.000000 -1.500000 7.000000 
256 258 1 
265 267 1 
274 276 1 
283 285 1 
292 294 1 
301 303 1 
237 240 1 
260 263 1 
269 272 1 
278 281 1 
287 290 1 
296 299 1 
251 254 1 
242 244 1 
431 433 1 
435 437 1 
443 445 1 
451 453 1 
459 461 1 
310 312 1 
246 249 1 
439 441 1 
447 449 1 
455 457 1 
463 465 1 
314 317 1 
219 222 1 
228 231 1 
148 153 1 
155 158 1 
113 121 1 
123 128 1 
130 133 1 
409 412 1 
319 322 1 
224 226 1 
233 235 1 
135 139 1 
141 146 1 
160 164 1 
350 352 1 
78 85 1 
87 91 1 
104 107 1 
109 111 1 
400 403 1 
405 407 1 
324 326 1 
189 193 1 
195 197 1 
354 356 1 
67 71 1 
73 76 1 
93 98 1 
100 102 1 
364 366 1 
414 417 1 
419 421 1 
328 330 1 
209 212 1 
358 362 1 
368 370 1 
41 45 1 
47 50 1 
52 57 1 
59 65 1 
382 384 1 
332 335 1 
199 203 1 
205 207 1 
372 374 1 
30 33 1 
35 39 1 
386 390 1 
392 394 1 
337 340 1 
214 217 1 
376 380 1 
396 398 1 
14 20 1 
22 28 1 
423 425 1 
342 344 1 
166 169 1 
171 173 1 
175 178 1 
1 5 1 
7 12 1 
427 429 1 
305 308 1 
180 182 1 
184 187 1 
346 348 1 
0.996195 -0.087156 
0.994335 -0.101282 
1.204167 -0.101282 
1.138333 0.000000 
1.000000 0.000000 
0.996195 -0.087156 
0.996195 -0.087156 
1.000000 0.000000 
0.848333 0.000000 
0.833333 -0.023077 
0.833333 -0.101282 
0.994335 -0.101282 
0.996195 -0.087156 
0.984808 -0.173648 
0.965926 -0.258819 
0.939693 -0.342020 
0.939415 -0.342690 
0.993333 -0.425641 
1.204167 -0.101282 
0.994335 -0.101282 
0.984808 -0.173648 
0.984808 -0.173648 
0.994335 -0.101282 
0.833333 -0.101282 
0.833333 -0.179487 
0.939415 -0.342690 
0.939693 -0.342020 
0.965926 -0.258819 
0.984808 -0.173648 
0.906308 -0.422618 
0.904734 -0.425641 
0.993333 -0.425641 
0.939415 -0.342690 
0.906308 -0.422618 
0.906308 -0.422618 
0.939415 -0.342690 
0.833333 -0.179487 
0.833333 -0.425641 
0.904734 -0.425641 
0.906308 -0.422618 
0.866025 -0.500000 
0.833333 -0.551316 
0.833333 -0.671795 
0.993333 -0.425641 
0.904734 -0.425641 
0.866025 -0.500000 
0.866025 -0.500000 
0.904734 -0.425641 
0.833333 -0.425641 
0.833333 -0.551316 
0.866025 -0.500000 
0.819152 -0.573576 
0.766044 -0.642788 
0.734902 -0.676773 
0.782500 -0.750000 
0.833333 -0.671795 
0.833333 -0.551316 
0.819152 -0.573576 
0.819152 -0.573576 
0.833333 -0.551316 
0.833333 -0.425641 
0.666667 -0.425641 
0.666667 -0.571795 
0.734902 -0.676773 
0.766044 -0.642788 
0.819152 -0.573576 
0.707107 -0.707107 
0.666667 -0.744163 
0.666667 -0.750000 
0.782500 -0.750000 
0.734902 -0.676773 
0.707107 -0.707107 
0.707107 -0.707107 
0.734902 -0.676773 
0.666667 -0.571795 
0.666667 -0.744163 
0.707107 -0.707107 
0.642788 -0.766044 
0.573576 -0.819152 
0.500000 -0.866025 
0.500000 -0.964103 
0.571667 -1.074359 
0.782500 -0.750000 
0.666667 -0.750000 
0.660297 -0.750000 
0.642788 -0.766044 
0.642788 -0.766044 
0.660297 -0.750000 
0.500000 -0.750000 
0.500000 -0.866025 
0.573576 -0.819152 
0.642788 -0.766044 
0.666667 -0.744163 
0.666667 -0.571795 
0.571667 -0.425641 
0.500000 -0.535897 
0.500000 -0.750000 
0.660297 -0.750000 
0.666667 -0.744163 
0.666667 -0.744163 
0.660297 -0.750000 
0.666667 -0.750000 
0.666667 -0.744163 
0.500000 -0.866025 
0.500000 -0.750000 
0.360833 -0.750000 
0.452367 -0.890821 
0.500000 -0.866025 
0.500000 -0.866025 
0.452367 -0.890821 
0.500000 -0.964103 
0.500000 -0.866025 
0.422618 -0.906308 
0.342020 -0.939693 
0.333333 -0.942432 
0.258819 -0.965926 
0.214027 -0.975856 
0.150000 -1.074359 
0.571667 -1.074359 
0.500000 -0.964103 
0.452367 -0.890821 
0.422618 -0.906308 
0.422618 -0.906308 
0.452367 -0.890821 
0.360833 -0.750000 
0.333333 -0.792308 
0.333333 -0.942432 
0.342020 -0.939693 
0.422618 -0.906308 
0.258819 -0.965926 
0.333333 -0.942432 
0.333333 -0.792308 
0.214027 -0.975856 
0.258819 -0.965926 
0.173648 -0.984808 
0.166667 -0.985727 
0.098244 -0.994735 
0.150000 -1.074359 
0.214027 -0.975856 
0.173648 -0.984808 
0.173648 -0.984808 
0.214027 -0.975856 
0.333333 -0.792308 
0.333333 -0.750000 
0.166667 -0.750000 
0.166667 -0.985727 
0.173648 -0.984808 
0.087156 -0.996195 
0.000000 -1.000000 
-0.223333 -1.000000 
-0.271667 -1.074359 
0.150000 -1.074359 
0.098244 -0.994735 
0.087156 -0.996195 
0.087156 -0.996195 
0.098244 -0.994735 
0.044203 -0.911594 
0.000000 -1.000000 
0.087156 -0.996195 
0.166667 -0.985727 
0.166667 -0.750000 
0.125000 -0.750000 
0.044203 -0.911594 
0.098244 -0.994735 
0.166667 -0.985727 
0.500000 0.000000 
0.500000 -0.101282 
0.666667 -0.101282 
0.666667 0.000000 
0.500000 0.000000 
0.500000 0.000000 
0.449359 -0.101282 
0.500000 -0.101282 
0.500000 0.000000 
0.666667 0.000000 
0.666667 -0.101282 
0.782500 -0.101282 
0.716667 0.000000 
0.666667 0.000000 
0.833333 0.000000 
0.833333 -0.023077 
0.848333 0.000000 
0.833333 0.000000 
0.833333 0.000000 
0.716667 0.000000 
0.782500 -0.101282 
0.833333 -0.023077 
0.833333 0.000000 
0.166667 -0.666667 
0.166667 -0.750000 
0.333333 -0.750000 
0.333333 -0.707692 
0.227536 -0.544928 
0.166667 -0.666667 
0.166667 -0.666667 
0.125000 -0.750000 
0.166667 -0.750000 
0.166667 -0.666667 
0.333333 -0.333333 
0.333333 -0.425641 
0.500000 -0.425641 
0.500000 -0.315385 
0.410870 -0.178261 
0.333333 -0.333333 
0.333333 -0.333333 
0.287179 -0.425641 
0.333333 -0.425641 
0.333333 -0.333333 
0.227536 -0.544928 
0.333333 -0.707692 
0.333333 -0.425641 
0.287179 -0.425641 
0.227536 -0.544928 
0.410870 -0.178261 
0.500000 -0.315385 
0.500000 -0.101282 
0.449359 -0.101282 
0.410870 -0.178261 
-1.000000 -1.000000 
-1.000000 -1.074359 
-0.693333 -1.074359 
-0.741667 -1.000000 
-1.000000 -1.000000 
-0.741667 -1.000000 
-0.693333 -1.074359 
-0.645000 -1.000000 
-0.741667 -1.000000 
-0.645000 -1.000000 
-0.693333 -1.074359 
-0.271667 -1.074359 
-0.320000 -1.000000 
-0.645000 -1.000000 
-0.320000 -1.000000 
-0.271667 -1.074359 
-0.223333 -1.000000 
-0.320000 -1.000000 
-1.000000 -1.500000 
-0.970000 -1.500000 
-0.904167 -1.398718 
-1.000000 -1.398718 
-1.000000 -1.500000 
-1.000000 -1.398718 
-0.904167 -1.398718 
-1.000000 -1.251282 
-1.000000 -1.398718 
-1.000000 -1.251282 
-0.904167 -1.398718 
-0.693333 -1.074359 
-1.000000 -1.074359 
-1.000000 -1.251282 
1.300000 -1.500000 
1.300000 -1.398718 
1.204167 -1.398718 
1.270000 -1.500000 
1.300000 -1.500000 
-0.970000 -1.500000 
-0.838333 -1.500000 
-0.904167 -1.398718 
-0.970000 -1.500000 
-0.838333 -1.500000 
-0.548333 -1.500000 
-0.482500 -1.398718 
-0.904167 -1.398718 
-0.838333 -1.500000 
-0.548333 -1.500000 
-0.416667 -1.500000 
-0.482500 -1.398718 
-0.548333 -1.500000 
-0.416667 -1.500000 
-0.126667 -1.500000 
-0.060833 -1.398718 
-0.482500 -1.398718 
-0.416667 -1.500000 
-0.126667 -1.500000 
0.005000 -1.500000 
-0.060833 -1.398718 
-0.126667 -1.500000 
0.005000 -1.500000 
0.295000 -1.500000 
0.360833 -1.398718 
-0.060833 -1.398718 
0.005000 -1.500000 
0.295000 -1.500000 
0.426667 -1.500000 
0.360833 -1.398718 
0.295000 -1.500000 
0.426667 -1.500000 
0.716667 -1.500000 
0.782500 -1.398718 
0.360833 -1.398718 
0.426667 -1.500000 
0.716667 -1.500000 
0.848333 -1.500000 
0.782500 -1.398718 
0.716667 -1.500000 
0.848333 -1.500000 
1.138333 -1.500000 
1.204167 -1.398718 
0.782500 -1.398718 
0.848333 -1.500000 
1.138333 -1.500000 
1.270000 -1.500000 
1.204167 -1.398718 
1.138333 -1.500000 
1.300000 0.000000 
1.270000 0.000000 
1.204167 -0.101282 
1.300000 -0.101282 
1.300000 0.000000 
1.300000 -1.398718 
1.300000 -1.251282 
1.204167 -1.398718 
1.300000 -1.398718 
1.300000 -1.251282 
1.300000 -1.074359 
0.993333 -1.074359 
1.204167 -1.398718 
1.300000 -1.251282 
1.300000 -1.074359 
1.300000 -0.897436 
1.204167 -0.750000 
0.993333 -1.074359 
1.300000 -1.074359 
1.300000 -0.897436 
1.300000 -0.750000 
1.204167 -0.750000 
1.300000 -0.897436 
1.300000 -0.750000 
1.300000 -0.602564 
1.204167 -0.750000 
1.300000 -0.750000 
1.300000 -0.602564 
1.300000 -0.425641 
0.993333 -0.425641 
1.204167 -0.750000 
1.300000 -0.602564 
1.300000 -0.425641 
1.300000 -0.248718 
1.204167 -0.101282 
0.993333 -0.425641 
1.300000 -0.425641 
1.300000 -0.248718 
1.300000 -0.101282 
1.204167 -0.101282 
1.300000 -0.248718 
1.138333 0.000000 
1.204167 -0.101282 
1.270000 0.000000 
1.138333 0.000000 
0.333333 -0.792308 
0.360833 -0.750000 
0.333333 -0.750000 
0.333333 -0.792308 
0.333333 -0.750000 
0.360833 -0.750000 
0.333333 -0.707692 
0.333333 -0.750000 
0.333333 -0.707692 
0.360833 -0.750000 
0.500000 -0.535897 
0.500000 -0.425641 
0.333333 -0.425641 
0.333333 -0.707692 
0.500000 -0.750000 
0.500000 -0.535897 
0.360833 -0.750000 
0.500000 -0.750000 
0.500000 -0.535897 
0.571667 -0.425641 
0.500000 -0.425641 
0.500000 -0.535897 
0.500000 -0.425641 
0.571667 -0.425641 
0.500000 -0.315385 
0.500000 -0.425641 
0.500000 -0.315385 
0.571667 -0.425641 
0.666667 -0.279487 
0.666667 -0.101282 
0.500000 -0.101282 
0.500000 -0.315385 
0.666667 -0.571795 
0.666667 -0.425641 
0.571667 -0.425641 
0.666667 -0.571795 
0.666667 -0.425641 
0.833333 -0.425641 
0.833333 -0.179487 
0.782500 -0.101282 
0.666667 -0.279487 
0.666667 -0.425641 
0.666667 -0.425641 
0.666667 -0.279487 
0.571667 -0.425641 
0.666667 -0.425641 
0.666667 -0.279487 
0.782500 -0.101282 
0.666667 -0.101282 
0.666667 -0.279487 
0.833333 -0.828205 
0.993333 -1.074359 
1.204167 -0.750000 
0.833333 -0.750000 
0.833333 -0.828205 
0.833333 -0.828205 
0.833333 -0.750000 
0.782500 -0.750000 
0.833333 -0.828205 
0.833333 -0.828205 
0.782500 -0.750000 
0.571667 -1.074359 
0.993333 -1.074359 
0.833333 -0.828205 
0.833333 -0.750000 
1.204167 -0.750000 
0.993333 -0.425641 
0.833333 -0.671795 
0.833333 -0.750000 
0.833333 -0.750000 
0.833333 -0.671795 
0.782500 -0.750000 
0.833333 -0.750000 
0.833333 -0.179487 
0.833333 -0.101282 
0.782500 -0.101282 
0.833333 -0.179487 
0.833333 -0.101282 
0.833333 -0.023077 
0.782500 -0.101282 
0.833333 -0.101282 
-0.904167 -1.398718 
-0.482500 -1.398718 
-0.693333 -1.074359 
-0.904167 -1.398718 
-0.482500 -1.398718 
-0.060833 -1.398718 
-0.271667 -1.074359 
-0.482500 -1.398718 
-0.482500 -1.398718 
-0.271667 -1.074359 
-0.693333 -1.074359 
-0.482500 -1.398718 
-0.060833 -1.398718 
0.360833 -1.398718 
0.150000 -1.074359 
-0.060833 -1.398718 
-0.060833 -1.398718 
0.150000 -1.074359 
-0.271667 -1.074359 
-0.060833 -1.398718 
0.360833 -1.398718 
0.782500 -1.398718 
0.571667 -1.074359 
0.360833 -1.398718 
0.360833 -1.398718 
0.571667 -1.074359 
0.150000 -1.074359 
0.360833 -1.398718 
0.782500 -1.398718 
1.204167 -1.398718 
0.993333 -1.074359 
0.782500 -1.398718 
0.782500 -1.398718 
0.993333 -1.074359 
0.571667 -1.074359 
0.782500 -1.398718 
-1.115000 -1.723077 
-0.693333 -1.723077 
-0.271667 -1.723077 
0.150000 -1.723077 
0.571667 -1.723077 
0.993333 -1.723077 
1.415000 -1.723077 
-1.325833 -1.398718 
-0.904167 -1.398718 
-0.482500 -1.398718 
-0.060833 -1.398718 
0.360833 -1.398718 
0.782500 -1.398718 
1.204167 -1.398718 
1.625833 -1.398718 
-1.115000 -1.074359 
-0.693333 -1.074359 
-0.271667 -1.074359 
0.150000 -1.074359 
0.150000 -1.074359 
0.150000 -1.074359 
0.150000 -1.074359 
0.571667 -1.074359 
0.571667 -1.074359 
0.571667 -1.074359 
0.571667 -1.074359 
0.993333 -1.074359 
1.415000 -1.074359 
-0.904167 -0.750000 
-0.482500 -0.750000 
-0.060833 -0.750000 
-0.060833 -0.750000 
-0.060833 -0.750000 
-0.060833 -0.750000 
0.360833 -0.750000 
0.360833 -0.750000 
0.360833 -0.750000 
0.360833 -0.750000 
0.360833 -0.750000 
0.360833 -0.750000 
0.782500 -0.750000 
0.782500 -0.750000 
0.782500 -0.750000 
0.782500 -0.750000 
1.204167 -0.750000 
1.204167 -0.750000 
1.625833 -0.750000 
0.150000 -0.425641 
0.150000 -0.425641 
0.150000 -0.425641 
0.571667 -0.425641 
0.571667 -0.425641 
0.571667 -0.425641 
0.571667 -0.425641 
0.571667 -0.425641 
0.571667 -0.425641 
0.571667 -0.425641 
0.993333 -0.425641 
0.993333 -0.425641 
0.993333 -0.425641 
0.993333 -0.425641 
0.993333 -0.425641 
1.415000 -0.425641 
0.360833 -0.101282 
0.360833 -0.101282 
0.360833 -0.101282 
0.782500 -0.101282 
0.782500 -0.101282 
0.782500 -0.101282 
0.782500 -0.101282 
0.782500 -0.101282 
1.204167 -0.101282 
1.204167 -0.101282 
1.204167 -0.101282 
1.625833 -0.101282 
0.571667 0.223077 
0.571667 0.223077 
0.993333 0.223077 
0.993333 0.223077 
0.993333 0.223077 
1.415000 0.223077 
1 2 9 
2 3 10 
3 4 11 
4 5 12 
5 6 13 
6 7 14 
8 1 9 
9 2 10 
10 3 11 
11 4 12 
12 5 13 
13 6 14 
14 7 15 
8 9 16 
9 10 17 
10 11 18 
11 12 19 
12 13 23 
13 14 27 
14 15 28 
16 9 17 
17 10 18 
18 11 19 
19 12 23 
23 13 27 
27 14 28 
16 17 29 
17 18 30 
18 19 31 
32 20 38 
19 23 35 
21 24 36 
22 25 37 
23 27 41 
27 28 45 
29 17 30 
30 18 31 
31 19 35 
33 22 37 
32 20 38 
34 21 36 
35 23 41 
39 26 42 
36 24 43 
19 23 35 
41 27 45 
41 27 46 
45 28 47 
33 37 48 
32 20 38 
34 36 49 
35 41 51 
40 44 52 
39 42 53 
35 23 41 
36 43 54 
41 45 58 
41 46 59 
45 47 63 
48 37 55 
49 36 54 
50 39 53 
56 41 58 
57 60 68 
51 41 59 
52 44 61 
53 42 62 
58 45 63 
49 54 64 
48 37 55 
50 53 65 
56 58 67 
57 60 68 
52 61 69 
53 62 70 
58 63 72 
64 54 71 
65 53 70 
66 52 69 
67 58 72 
68 60 73 
69 61 74 
72 63 75 
65 70 76 
64 54 71 
66 69 77 
67 72 78 
68 73 79 
69 74 80 
72 75 81 
68 73 79 
77 69 80 
78 72 81 
1 75 
77 93 
95 111 
113 128 
130 147 
149 162 
164 171 
5 1 
1 1 
20 1 
14 1 
15 1 
16 1 
33 1 
30 1 
45 1 
41 1 
42 1 
417 1 
403 1 
405 1 
419 1 
56 1 
57 1 
52 1 
53 1 
71 1 
67 1 
68 1 
102 1 
100 1 
85 1 
78 1 
79 1 
80 1 
111 1 
109 1 
121 1 
113 1 
114 1 
115 1 
116 1 
139 1 
135 1 
136 1 
153 1 
148 1 
149 1 
235 1 
231 1 
226 1 
222 1 
219 1 
249 1 
244 1 
240 1 
237 1 
256 1 
260 1 
265 1 
269 1 
274 1 
278 1 
283 1 
287 1 
292 1 
296 1 
301 1 
254 1 
251 1 
310 1 
314 1 
319 1 
324 1 
328 1 
332 1 
337 1 
342 1 
308 1 
305 1 
348 1 
4 1 
5 1 
12 1 
7 1 
8 1 
182 1 
180 1 
10 1 
24 1 
37 1 
49 1 
50 1 
47 1 
39 1 
35 1 
26 1 
27 1 
28 1 
22 1 
12 1 
65 1 
59 1 
60 1 
387 1 
423 1 
427 1 
187 1 
184 1 
178 1 
175 1 
398 1 
390 1 
62 1 
75 1 
76 1 
73 1 
64 1 
65 1 
91 1 
87 1 
98 1 
93 1 
382 1 
392 1 
378 1 
168 1 
169 1 
166 1 
380 1 
374 1 
370 1 
96 1 
89 1 
90 1 
91 1 
107 1 
104 1 
364 1 
360 1 
201 1 
215 1 
173 1 
171 1 
217 1 
203 1 
199 1 
362 1 
356 1 
352 1 
126 1 
127 1 
128 1 
123 1 
107 1 
133 1 
130 1 
131 1 
143 1 
191 1 
210 1 
207 1 
205 1 
212 1 
193 1 
189 1 
145 1 
146 1 
141 1 
133 1 
158 1 
155 1 
164 1 
160 1 
197 1 
195 1 
162 1 
157 1 
158 1 
