125 2 1 0 
564 90 1 120 
1.600000 3.100000 64.000000 
1.600000 5.000000 111.000000 
1.000000 5.000000 119.000000 
11 13 1 
20 22 1 
29 31 1 
38 40 1 
47 49 1 
56 58 1 
65 67 1 
6 9 1 
15 18 1 
24 27 1 
33 36 1 
42 45 1 
51 54 1 
60 63 1 
1 4 1 
178 181 1 
477 479 1 
485 487 1 
310 313 1 
315 317 1 
328 331 1 
333 335 1 
346 349 1 
351 353 1 
493 495 1 
74 77 1 
183 185 1 
481 483 1 
489 491 1 
252 256 1 
258 261 1 
319 321 1 
323 326 1 
337 339 1 
341 344 1 
299 303 1 
305 308 1 
497 499 1 
79 81 1 
187 189 1 
501 503 1 
272 274 1 
285 288 1 
263 266 1 
268 270 1 
505 507 1 
509 511 1 
366 368 1 
370 373 1 
521 523 1 
83 85 1 
191 194 1 
276 278 1 
280 283 1 
290 293 1 
295 297 1 
452 455 1 
513 515 1 
517 519 1 
355 359 1 
361 364 1 
87 90 1 
196 199 1 
214 217 1 
219 223 1 
529 531 1 
457 459 1 
461 463 1 
533 535 1 
537 539 1 
375 379 1 
381 384 1 
92 95 1 
201 203 1 
525 527 1 
225 228 1 
230 232 1 
473 475 1 
465 467 1 
541 543 1 
397 399 1 
401 404 1 
545 547 1 
97 99 1 
205 207 1 
549 551 1 
234 237 1 
239 241 1 
469 471 1 
416 419 1 
421 423 1 
434 437 1 
439 441 1 
386 390 1 
392 395 1 
557 559 1 
101 103 1 
209 212 1 
243 245 1 
247 250 1 
553 555 1 
406 408 1 
410 414 1 
425 427 1 
429 432 1 
443 445 1 
447 450 1 
561 563 1 
105 108 1 
110 113 1 
115 118 1 
120 123 1 
133 136 1 
142 145 1 
151 154 1 
160 163 1 
169 172 1 
69 72 1 
125 127 1 
129 131 1 
138 140 1 
147 149 1 
156 158 1 
165 167 1 
174 176 1 
9.000000 0.000000 
9.000000 0.596154 
8.212500 0.596154 
8.600000 0.000000 
9.000000 0.000000 
0.000000 0.000000 
0.400000 0.000000 
0.787500 0.596154 
0.000000 0.596154 
0.000000 0.000000 
0.400000 0.000000 
1.175000 0.000000 
0.787500 0.596154 
0.400000 0.000000 
1.175000 0.000000 
1.637500 0.000000 
2.025000 0.596154 
0.787500 0.596154 
1.175000 0.000000 
1.637500 0.000000 
2.412500 0.000000 
2.025000 0.596154 
1.637500 0.000000 
2.412500 0.000000 
2.875000 0.000000 
3.262500 0.596154 
2.025000 0.596154 
2.412500 0.000000 
2.875000 0.000000 
3.650000 0.000000 
3.262500 0.596154 
2.875000 0.000000 
3.650000 0.000000 
4.112500 0.000000 
4.500000 0.596154 
3.262500 0.596154 
3.650000 0.000000 
4.112500 0.000000 
4.887500 0.000000 
4.500000 0.596154 
4.112500 0.000000 
4.887500 0.000000 
5.350000 0.000000 
5.737500 0.596154 
4.500000 0.596154 
4.887500 0.000000 
5.350000 0.000000 
6.125000 0.000000 
5.737500 0.596154 
5.350000 0.000000 
6.125000 0.000000 
6.587500 0.000000 
6.975000 0.596154 
5.737500 0.596154 
6.125000 0.000000 
6.587500 0.000000 
7.362500 0.000000 
6.975000 0.596154 
6.587500 0.000000 
7.362500 0.000000 
7.825000 0.000000 
8.212500 0.596154 
6.975000 0.596154 
7.362500 0.000000 
7.825000 0.000000 
8.600000 0.000000 
8.212500 0.596154 
7.825000 0.000000 
9.000000 5.000000 
8.600000 5.000000 
8.212500 4.403846 
9.000000 4.403846 
9.000000 5.000000 
9.000000 0.596154 
9.000000 1.288462 
8.831250 1.548077 
8.212500 0.596154 
9.000000 0.596154 
9.000000 1.288462 
9.000000 1.548077 
8.831250 1.548077 
9.000000 1.288462 
9.000000 1.548077 
9.000000 1.807692 
8.831250 1.548077 
9.000000 1.548077 
9.000000 1.807692 
9.000000 2.500000 
8.212500 2.500000 
8.831250 1.548077 
9.000000 1.807692 
9.000000 2.500000 
9.000000 3.192308 
8.831250 3.451923 
8.212500 2.500000 
9.000000 2.500000 
9.000000 3.192308 
9.000000 3.451923 
8.831250 3.451923 
9.000000 3.192308 
9.000000 3.451923 
9.000000 3.711538 
8.831250 3.451923 
9.000000 3.451923 
9.000000 3.711538 
9.000000 4.403846 
8.212500 4.403846 
8.831250 3.451923 
9.000000 3.711538 
0.000000 5.000000 
0.000000 4.403846 
0.787500 4.403846 
0.400000 5.000000 
0.000000 5.000000 
1.500000 5.000000 
1.500000 4.403846 
2.025000 4.403846 
1.637500 5.000000 
1.500000 5.000000 
1.500000 5.000000 
1.175000 5.000000 
0.787500 4.403846 
1.500000 4.403846 
1.500000 5.000000 
0.400000 5.000000 
0.787500 4.403846 
1.175000 5.000000 
0.400000 5.000000 
1.637500 5.000000 
2.025000 4.403846 
2.412500 5.000000 
1.637500 5.000000 
2.412500 5.000000 
2.025000 4.403846 
3.262500 4.403846 
2.875000 5.000000 
2.412500 5.000000 
2.875000 5.000000 
3.262500 4.403846 
3.650000 5.000000 
2.875000 5.000000 
3.650000 5.000000 
3.262500 4.403846 
4.500000 4.403846 
4.112500 5.000000 
3.650000 5.000000 
4.112500 5.000000 
4.500000 4.403846 
4.887500 5.000000 
4.112500 5.000000 
4.887500 5.000000 
4.500000 4.403846 
5.737500 4.403846 
5.350000 5.000000 
4.887500 5.000000 
5.350000 5.000000 
5.737500 4.403846 
6.125000 5.000000 
5.350000 5.000000 
6.125000 5.000000 
5.737500 4.403846 
6.975000 4.403846 
6.587500 5.000000 
6.125000 5.000000 
6.587500 5.000000 
6.975000 4.403846 
7.362500 5.000000 
6.587500 5.000000 
7.362500 5.000000 
6.975000 4.403846 
8.212500 4.403846 
7.825000 5.000000 
7.362500 5.000000 
7.825000 5.000000 
8.212500 4.403846 
8.600000 5.000000 
7.825000 5.000000 
0.000000 0.596154 
0.787500 0.596154 
0.168750 1.548077 
0.000000 1.288462 
0.000000 0.596154 
0.000000 1.288462 
0.168750 1.548077 
0.000000 1.548077 
0.000000 1.288462 
0.000000 1.548077 
0.168750 1.548077 
0.000000 1.807692 
0.000000 1.548077 
0.000000 1.807692 
0.168750 1.548077 
0.787500 2.500000 
0.000000 2.500000 
0.000000 1.807692 
0.000000 2.500000 
0.787500 2.500000 
0.168750 3.451923 
0.000000 3.192308 
0.000000 2.500000 
0.000000 3.192308 
0.168750 3.451923 
0.000000 3.451923 
0.000000 3.192308 
0.000000 3.451923 
0.168750 3.451923 
0.000000 3.711538 
0.000000 3.451923 
0.000000 3.711538 
0.168750 3.451923 
0.787500 4.403846 
0.000000 4.403846 
0.000000 3.711538 
1.500000 3.000000 
1.941176 2.500000 
2.025000 2.500000 
1.500000 3.307692 
1.500000 3.000000 
1.500000 3.000000 
1.500000 3.307692 
1.406250 3.451923 
0.787500 2.500000 
1.941176 2.500000 
1.500000 3.000000 
1.500000 3.307692 
2.025000 2.500000 
2.643750 3.451923 
1.500000 3.451923 
1.500000 3.307692 
1.500000 3.307692 
1.500000 3.451923 
1.406250 3.451923 
1.500000 3.307692 
1.500000 3.451923 
2.643750 3.451923 
2.025000 4.403846 
1.500000 3.596154 
1.500000 3.451923 
1.500000 3.451923 
1.500000 3.596154 
1.406250 3.451923 
1.500000 3.451923 
1.500000 3.596154 
2.025000 4.403846 
1.500000 4.403846 
1.500000 3.596154 
1.500000 3.596154 
1.500000 4.403846 
0.787500 4.403846 
1.406250 3.451923 
1.500000 3.596154 
3.000000 1.300000 
2.781109 1.548077 
2.643750 1.548077 
3.262500 0.596154 
3.720000 1.300000 
3.000000 1.300000 
3.000000 1.300000 
3.720000 1.300000 
3.881250 1.548077 
2.781109 1.548077 
3.000000 1.300000 
2.781109 1.548077 
3.881250 1.548077 
3.262500 2.500000 
2.702015 1.637716 
2.781109 1.548077 
2.781109 1.548077 
2.702015 1.637716 
2.643750 1.548077 
2.781109 1.548077 
1.989443 2.445298 
2.259494 2.139241 
2.025000 2.500000 
1.989443 2.445298 
1.989443 2.445298 
2.025000 2.500000 
1.941176 2.500000 
1.989443 2.445298 
1.989443 2.445298 
1.941176 2.500000 
0.787500 2.500000 
1.406250 1.548077 
1.989443 2.445298 
1.989443 2.445298 
1.406250 1.548077 
2.643750 1.548077 
2.259494 2.139241 
1.989443 2.445298 
2.259494 2.139241 
2.702015 1.637716 
3.262500 2.500000 
2.025000 2.500000 
2.259494 2.139241 
2.259494 2.139241 
2.643750 1.548077 
2.702015 1.637716 
2.259494 2.139241 
7.000000 1.300000 
6.517500 1.300000 
6.975000 0.596154 
7.593750 1.548077 
7.177198 1.548077 
7.000000 1.300000 
7.000000 1.300000 
7.177198 1.548077 
6.356250 1.548077 
6.517500 1.300000 
7.000000 1.300000 
3.720000 1.300000 
3.262500 0.596154 
4.500000 0.596154 
4.042500 1.300000 
3.720000 1.300000 
3.720000 1.300000 
4.042500 1.300000 
3.881250 1.548077 
3.720000 1.300000 
4.042500 1.300000 
4.500000 0.596154 
4.957500 1.300000 
4.042500 1.300000 
4.042500 1.300000 
4.957500 1.300000 
5.118750 1.548077 
3.881250 1.548077 
4.042500 1.300000 
4.957500 1.300000 
4.500000 0.596154 
5.737500 0.596154 
5.280000 1.300000 
4.957500 1.300000 
4.957500 1.300000 
5.280000 1.300000 
5.118750 1.548077 
4.957500 1.300000 
5.280000 1.300000 
5.737500 0.596154 
6.195000 1.300000 
5.280000 1.300000 
5.280000 1.300000 
6.195000 1.300000 
6.356250 1.548077 
5.118750 1.548077 
5.280000 1.300000 
6.195000 1.300000 
5.737500 0.596154 
6.975000 0.596154 
6.517500 1.300000 
6.195000 1.300000 
6.195000 1.300000 
6.517500 1.300000 
6.356250 1.548077 
6.195000 1.300000 
7.500000 2.000000 
7.395288 1.853403 
7.593750 1.548077 
8.212500 2.500000 
7.500000 2.500000 
7.500000 2.000000 
7.500000 2.000000 
7.500000 2.500000 
6.975000 2.500000 
7.395288 1.853403 
7.500000 2.000000 
7.177198 1.548077 
7.593750 1.548077 
7.395288 1.853403 
7.177198 1.548077 
7.177198 1.548077 
7.395288 1.853403 
6.975000 2.500000 
6.356250 1.548077 
7.177198 1.548077 
7.500000 3.000000 
7.500000 2.500000 
8.212500 2.500000 
7.593750 3.451923 
7.395288 3.146597 
7.500000 3.000000 
7.500000 3.000000 
7.395288 3.146597 
6.975000 2.500000 
7.500000 2.500000 
7.500000 3.000000 
7.000000 3.700000 
7.177198 3.451923 
7.593750 3.451923 
6.975000 4.403846 
6.517500 3.700000 
7.000000 3.700000 
7.000000 3.700000 
6.517500 3.700000 
6.356250 3.451923 
7.177198 3.451923 
7.000000 3.700000 
7.395288 3.146597 
7.593750 3.451923 
7.177198 3.451923 
7.395288 3.146597 
7.395288 3.146597 
7.177198 3.451923 
6.356250 3.451923 
6.975000 2.500000 
7.395288 3.146597 
3.880000 3.700000 
3.880000 3.451923 
4.041576 3.700000 
3.880000 3.700000 
3.880000 3.700000 
4.041576 3.700000 
4.500000 4.403846 
3.262500 4.403846 
3.880000 3.451923 
3.880000 3.700000 
4.041576 3.700000 
3.880000 3.451923 
5.118750 3.451923 
4.957500 3.700000 
4.041576 3.700000 
4.041576 3.700000 
4.957500 3.700000 
4.500000 4.403846 
4.041576 3.700000 
4.957500 3.700000 
5.118750 3.451923 
5.280000 3.700000 
4.957500 3.700000 
4.957500 3.700000 
5.280000 3.700000 
5.737500 4.403846 
4.500000 4.403846 
4.957500 3.700000 
5.280000 3.700000 
5.118750 3.451923 
6.356250 3.451923 
6.195000 3.700000 
5.280000 3.700000 
5.280000 3.700000 
6.195000 3.700000 
5.737500 4.403846 
5.280000 3.700000 
6.195000 3.700000 
6.356250 3.451923 
6.517500 3.700000 
6.195000 3.700000 
6.195000 3.700000 
6.517500 3.700000 
6.975000 4.403846 
5.737500 4.403846 
6.195000 3.700000 
3.880000 2.500000 
3.262500 2.500000 
3.881250 1.548077 
4.500000 2.500000 
3.880000 2.500000 
3.880000 2.500000 
4.500000 2.500000 
3.880000 3.451923 
3.880000 2.500000 
3.880000 2.500000 
3.880000 3.451923 
3.262500 2.500000 
3.880000 2.500000 
3.880000 3.451923 
4.500000 2.500000 
5.118750 3.451923 
3.880000 3.451923 
3.880000 3.451923 
3.262500 4.403846 
2.643750 3.451923 
3.880000 3.451923 
3.880000 3.451923 
2.643750 3.451923 
3.262500 2.500000 
3.880000 3.451923 
0.787500 0.596154 
2.025000 0.596154 
1.406250 1.548077 
0.787500 0.596154 
0.787500 0.596154 
1.406250 1.548077 
0.168750 1.548077 
0.787500 0.596154 
2.025000 0.596154 
3.262500 0.596154 
2.643750 1.548077 
2.025000 0.596154 
2.025000 0.596154 
2.643750 1.548077 
1.406250 1.548077 
2.025000 0.596154 
6.975000 0.596154 
8.212500 0.596154 
7.593750 1.548077 
6.975000 0.596154 
8.212500 0.596154 
8.831250 1.548077 
7.593750 1.548077 
8.212500 0.596154 
0.168750 1.548077 
1.406250 1.548077 
0.787500 2.500000 
0.168750 1.548077 
3.881250 1.548077 
5.118750 1.548077 
4.500000 2.500000 
3.881250 1.548077 
5.118750 1.548077 
6.356250 1.548077 
5.737500 2.500000 
5.118750 1.548077 
5.118750 1.548077 
5.737500 2.500000 
4.500000 2.500000 
5.118750 1.548077 
6.356250 1.548077 
6.975000 2.500000 
5.737500 2.500000 
6.356250 1.548077 
7.593750 1.548077 
8.831250 1.548077 
8.212500 2.500000 
7.593750 1.548077 
0.787500 2.500000 
1.406250 3.451923 
0.168750 3.451923 
0.787500 2.500000 
2.025000 2.500000 
3.262500 2.500000 
2.643750 3.451923 
2.025000 2.500000 
4.500000 2.500000 
5.737500 2.500000 
5.118750 3.451923 
4.500000 2.500000 
5.737500 2.500000 
6.975000 2.500000 
6.356250 3.451923 
5.737500 2.500000 
5.737500 2.500000 
6.356250 3.451923 
5.118750 3.451923 
5.737500 2.500000 
8.212500 2.500000 
8.831250 3.451923 
7.593750 3.451923 
8.212500 2.500000 
0.168750 3.451923 
1.406250 3.451923 
0.787500 4.403846 
0.168750 3.451923 
2.643750 3.451923 
3.262500 4.403846 
2.025000 4.403846 
2.643750 3.451923 
7.593750 3.451923 
8.831250 3.451923 
8.212500 4.403846 
7.593750 3.451923 
7.593750 3.451923 
8.212500 4.403846 
6.975000 4.403846 
7.593750 3.451923 
0.168750 -0.355769 
1.406250 -0.355769 
2.643750 -0.355769 
3.881250 -0.355769 
5.118750 -0.355769 
6.356250 -0.355769 
7.593750 -0.355769 
8.831250 -0.355769 
-0.450000 0.596154 
0.787500 0.596154 
2.025000 0.596154 
3.262500 0.596154 
3.262500 0.596154 
4.500000 0.596154 
4.500000 0.596154 
5.737500 0.596154 
5.737500 0.596154 
6.975000 0.596154 
6.975000 0.596154 
8.212500 0.596154 
9.450000 0.596154 
-1.068750 1.548077 
0.168750 1.548077 
1.406250 1.548077 
1.406250 1.548077 
2.643750 1.548077 
2.643750 1.548077 
3.881250 1.548077 
3.881250 1.548077 
5.118750 1.548077 
5.118750 1.548077 
6.356250 1.548077 
6.356250 1.548077 
7.593750 1.548077 
7.593750 1.548077 
8.831250 1.548077 
10.068750 1.548077 
-0.450000 2.500000 
0.787500 2.500000 
0.787500 2.500000 
2.025000 2.500000 
2.025000 2.500000 
3.262500 2.500000 
3.262500 2.500000 
4.500000 2.500000 
5.737500 2.500000 
6.975000 2.500000 
6.975000 2.500000 
8.212500 2.500000 
8.212500 2.500000 
9.450000 2.500000 
-1.068750 3.451923 
0.168750 3.451923 
1.406250 3.451923 
1.406250 3.451923 
2.643750 3.451923 
2.643750 3.451923 
3.880000 3.451923 
3.880000 3.451923 
5.118750 3.451923 
5.118750 3.451923 
6.356250 3.451923 
6.356250 3.451923 
7.593750 3.451923 
7.593750 3.451923 
8.831250 3.451923 
10.068750 3.451923 
-0.450000 4.403846 
0.787500 4.403846 
0.787500 4.403846 
2.025000 4.403846 
2.025000 4.403846 
3.262500 4.403846 
4.500000 4.403846 
4.500000 4.403846 
5.737500 4.403846 
5.737500 4.403846 
6.975000 4.403846 
6.975000 4.403846 
8.212500 4.403846 
9.450000 4.403846 
0.168750 5.355769 
1.406250 5.355769 
1.406250 5.355769 
2.643750 5.355769 
3.881250 5.355769 
5.118750 5.355769 
6.356250 5.355769 
7.593750 5.355769 
8.831250 5.355769 
1 2 10 
2 3 11 
3 4 12 
4 5 14 
5 6 16 
6 7 18 
7 8 20 
9 1 10 
10 2 11 
11 3 12 
12 4 14 
14 5 16 
16 6 18 
18 7 20 
20 8 21 
9 10 23 
10 11 24 
11 12 26 
12 14 28 
13 15 29 
14 16 30 
15 17 31 
16 18 32 
17 19 33 
18 20 34 
20 21 36 
22 9 23 
23 10 24 
24 11 26 
26 12 28 
27 13 29 
28 14 30 
29 15 31 
30 16 32 
31 17 33 
32 18 34 
33 19 35 
34 20 36 
36 21 37 
22 23 38 
23 24 39 
25 27 41 
24 26 42 
27 29 43 
26 28 44 
29 31 45 
31 33 46 
32 34 47 
33 35 48 
34 36 49 
36 37 51 
38 23 39 
40 25 41 
39 24 42 
41 27 43 
42 26 44 
43 29 45 
45 31 46 
46 33 48 
47 34 49 
48 35 50 
49 36 51 
38 39 53 
40 41 54 
39 42 55 
41 43 56 
43 45 58 
43 45 59 
45 46 60 
46 48 62 
47 49 64 
48 50 65 
49 51 66 
52 38 53 
53 39 55 
54 41 56 
55 42 57 
56 43 59 
58 45 60 
60 46 62 
63 47 64 
62 48 65 
64 49 66 
66 51 67 
52 53 68 
53 55 69 
54 56 71 
55 57 72 
56 59 73 
58 60 74 
59 61 75 
60 62 76 
61 63 77 
63 64 78 
62 65 79 
64 66 80 
66 67 81 
68 53 69 
70 54 71 
69 55 72 
71 56 73 
58 60 74 
73 59 75 
74 60 76 
75 61 77 
76 62 79 
77 63 78 
78 64 80 
80 66 81 
68 69 82 
70 71 83 
69 72 84 
71 73 85 
73 75 86 
75 77 87 
77 78 88 
78 80 89 
80 81 90 
82 69 84 
83 71 85 
85 73 86 
86 75 87 
87 77 88 
88 78 89 
89 80 90 
1 119 
4 1 
1 1 
74 1 
79 1 
83 1 
87 1 
92 1 
97 1 
101 1 
105 1 
72 1 
69 1 
176 1 
172 1 
167 1 
163 1 
158 1 
154 1 
149 1 
145 1 
140 1 
136 1 
131 1 
118 1 
115 1 
245 1 
237 1 
228 1 
217 1 
214 1 
278 1 
272 1 
290 1 
266 1 
261 1 
258 1 
315 1 
323 1 
333 1 
341 1 
351 1 
308 1 
305 1 
370 1 
364 1 
361 1 
384 1 
381 1 
401 1 
395 1 
392 1 
445 1 
437 1 
427 1 
419 1 
408 1 
406 1 
459 1 
461 1 
414 1 
410 1 
421 1 
429 1 
439 1 
447 1 
390 1 
386 1 
399 1 
379 1 
375 1 
359 1 
355 1 
368 1 
303 1 
299 1 
349 1 
339 1 
331 1 
321 1 
313 1 
256 1 
252 1 
268 1 
297 1 
288 1 
280 1 
223 1 
219 1 
230 1 
239 1 
247 1 
123 1 
120 1 
127 1 
113 1 
110 1 
212 1 
207 1 
203 1 
199 1 
194 1 
189 1 
185 1 
181 1 
9 1 
6 1 
11 1 
15 1 
20 1 
24 1 
29 1 
33 1 
38 1 
42 1 
47 1 
51 1 
56 1 
60 1 
65 1 
4 1 
