211 17 1 0 
1235 182 8 556 
-4.490000 3.990000 184.000000 
-4.490000 3.000000 166.000000 
-4.490000 2.000000 103.000000 
-4.490000 1.000000 65.000000 
4.490000 4.000000 199.000000 
4.490000 3.000000 181.000000 
4.490000 2.000000 122.000000 
4.490000 1.000000 82.000000 
-4.000000 -0.400000 8.000000 
-3.000000 -0.400000 9.000000 
-2.000000 -0.400000 10.000000 
-1.000000 -0.400000 11.000000 
0.000000 -0.400000 4.000000 
4.000000 -0.400000 15.000000 
3.000000 -0.400000 14.000000 
2.000000 -0.400000 13.000000 
1.000000 -0.400000 12.000000 
0.000000 3.990000 206.000000 
1172 1174 1 
1181 1183 1 
1185 1187 1 
1194 1196 1 
1203 1205 1 
1207 1209 1 
1216 1218 1 
1146 1149 1 
1176 1179 1 
934 938 1 
1189 1192 1 
1198 1201 1 
830 834 1 
1211 1214 1 
1167 1170 1 
1010 1016 1 
1018 1020 1 
891 893 1 
906 909 1 
1070 1073 1 
911 915 1 
917 920 1 
922 926 1 
928 932 1 
583 586 1 
588 592 1 
1083 1086 1 
556 560 1 
562 565 1 
1092 1095 1 
807 810 1 
812 816 1 
818 822 1 
824 828 1 
787 790 1 
792 794 1 
1105 1108 1 
1054 1060 1 
1062 1064 1 
1151 1153 1 
895 897 1 
899 904 1 
1022 1024 1 
1066 1068 1 
877 882 1 
884 889 1 
1075 1077 1 
594 598 1 
600 606 1 
1079 1081 1 
567 573 1 
575 581 1 
1088 1090 1 
542 548 1 
550 554 1 
1097 1099 1 
773 778 1 
780 785 1 
1101 1103 1 
796 801 1 
803 805 1 
1110 1112 1 
1114 1116 1 
1220 1222 1 
1155 1157 1 
861 867 1 
869 875 1 
1026 1028 1 
633 637 1 
639 644 1 
608 612 1 
614 617 1 
303 307 1 
309 312 1 
531 534 1 
536 540 1 
495 500 1 
502 506 1 
757 763 1 
765 771 1 
1118 1120 1 
1224 1226 1 
836 838 1 
849 852 1 
1030 1034 1 
663 665 1 
667 670 1 
619 625 1 
627 631 1 
314 321 1 
323 331 1 
280 288 1 
290 297 1 
517 521 1 
523 529 1 
508 511 1 
513 515 1 
732 735 1 
746 748 1 
1122 1126 1 
840 843 1 
845 847 1 
854 859 1 
646 653 1 
655 661 1 
342 348 1 
350 359 1 
973 976 1 
155 157 1 
159 163 1 
338 340 1 
132 136 1 
138 140 1 
299 301 1 
256 265 1 
267 273 1 
954 957 1 
468 474 1 
476 483 1 
737 739 1 
741 744 1 
750 755 1 
1159 1161 1 
686 688 1 
690 694 1 
1036 1038 1 
361 364 1 
366 373 1 
965 971 1 
142 145 1 
147 153 1 
333 336 1 
117 122 1 
124 130 1 
104 110 1 
112 115 1 
275 278 1 
242 249 1 
251 254 1 
946 952 1 
485 489 1 
491 493 1 
1128 1130 1 
1228 1230 1 
1163 1165 1 
672 676 1 
678 684 1 
1040 1042 1 
375 382 1 
384 394 1 
959 963 1 
165 170 1 
172 176 1 
30 34 1 
36 39 0 
91 95 1 
97 102 1 
209 219 1 
221 228 1 
940 944 1 
454 460 1 
462 466 1 
1132 1134 1 
1232 1234 1 
1044 1046 1 
1048 1052 1 
412 416 1 
696 703 1 
705 708 1 
178 181 1 
183 187 1 
41 46 0 
48 54 1 
15 21 1 
23 28 0 
70 74 1 
76 79 1 
236 240 1 
440 443 1 
445 452 1 
1136 1140 1 
1142 1144 1 
978 981 1 
983 986 1 
406 410 1 
710 716 1 
718 721 1 
189 192 1 
194 197 1 
56 61 0 
63 68 1 
1 6 1 
8 13 0 
81 84 1 
86 89 1 
230 234 1 
418 421 1 
423 429 1 
988 991 1 
993 996 1 
723 725 1 
727 730 1 
396 399 1 
401 404 1 
998 1000 1 
1002 1004 0 
1006 1008 1 
199 202 1 
204 207 1 
431 434 1 
436 438 1 
0.482960 3.870590 
0.433010 3.750000 
0.359226 3.653846 
1.237500 3.653846 
1.012500 4.000000 
0.500000 4.000000 
0.482960 3.870590 
0.482960 3.870590 
0.500000 4.000000 
0.225000 4.000000 
0.000000 3.653846 
0.359226 3.653846 
0.433010 3.750000 
0.482960 3.870590 
0.353550 3.646450 
0.250000 3.566990 
0.129410 3.517040 
0.092116 3.512129 
0.618750 2.701923 
1.237500 3.653846 
0.359226 3.653846 
0.353550 3.646450 
0.353550 3.646450 
0.359226 3.653846 
0.000000 3.653846 
0.092116 3.512129 
0.129410 3.517040 
0.250000 3.566990 
0.353550 3.646450 
0.000000 3.500000 
-0.092116 3.512129 
-0.618750 2.701923 
0.618750 2.701923 
0.092116 3.512129 
0.000000 3.500000 
0.000000 3.500000 
0.092116 3.512129 
0.000000 3.653846 
-0.092116 3.512129 
0.000000 3.500000 
-0.129410 3.517040 
-0.092116 3.512129 
0.000000 3.653846 
-0.359226 3.653846 
-0.353550 3.646450 
-0.250000 3.566990 
-0.129410 3.517040 
-0.129410 3.517040 
-0.250000 3.566990 
-0.353550 3.646450 
-0.359226 3.653846 
-1.237500 3.653846 
-0.618750 2.701923 
-0.092116 3.512129 
-0.129410 3.517040 
-0.433010 3.750000 
-0.359226 3.653846 
0.000000 3.653846 
-0.225000 4.000000 
-0.500000 4.000000 
-0.482960 3.870590 
-0.433010 3.750000 
-0.433010 3.750000 
-0.482960 3.870590 
-0.500000 4.000000 
-1.012500 4.000000 
-1.237500 3.653846 
-0.359226 3.653846 
-0.433010 3.750000 
1.448890 3.611770 
1.377258 3.438834 
1.856250 2.701923 
2.473626 3.654027 
1.454433 3.653878 
1.448890 3.611770 
1.448890 3.611770 
1.454433 3.653878 
1.237500 3.653846 
1.377258 3.438834 
1.448890 3.611770 
1.500000 4.000000 
1.454433 3.653878 
2.473626 3.654027 
2.249200 4.000000 
1.500000 4.000000 
1.500000 4.000000 
1.462500 4.000000 
1.237500 3.653846 
1.454433 3.653878 
1.500000 4.000000 
1.299040 3.250000 
1.060660 2.939340 
0.751255 2.701923 
1.856250 2.701923 
1.377258 3.438834 
1.299040 3.250000 
1.299040 3.250000 
1.377258 3.438834 
1.237500 3.653846 
0.618750 2.701923 
0.751255 2.701923 
1.060660 2.939340 
1.299040 3.250000 
0.750000 2.700960 
0.647085 2.658331 
1.199409 1.808602 
1.250000 1.834940 
1.322896 1.881379 
1.856250 2.701923 
0.751255 2.701923 
0.750000 2.700960 
0.750000 2.700960 
0.751255 2.701923 
0.618750 2.701923 
0.647085 2.658331 
0.750000 2.700960 
0.388230 2.551110 
0.000000 2.500000 
-0.388230 2.551110 
-0.569536 2.626209 
0.000000 1.750000 
0.569536 2.626209 
0.388230 2.551110 
0.388230 2.551110 
0.569536 2.626209 
0.618750 2.701923 
-0.618750 2.701923 
-0.569536 2.626209 
-0.388230 2.551110 
0.000000 2.500000 
0.388230 2.551110 
0.569536 2.626209 
0.000000 1.750000 
1.086842 1.750000 
1.199409 1.808602 
0.647085 2.658331 
0.569536 2.626209 
0.569536 2.626209 
0.647085 2.658331 
0.618750 2.701923 
0.569536 2.626209 
-0.750000 2.700960 
-0.647085 2.658331 
-0.618750 2.701923 
-0.751255 2.701923 
-0.750000 2.700960 
-0.750000 2.700960 
-0.751255 2.701923 
-1.856250 2.701923 
-1.322896 1.881379 
-1.250000 1.834940 
-1.199409 1.808602 
-0.647085 2.658331 
-0.750000 2.700960 
-0.647085 2.658331 
-0.569536 2.626209 
-0.618750 2.701923 
-0.647085 2.658331 
-0.647085 2.658331 
-1.199409 1.808602 
-1.086842 1.750000 
0.000000 1.750000 
-0.569536 2.626209 
-0.647085 2.658331 
-1.060660 2.939340 
-0.751255 2.701923 
-0.618750 2.701923 
-1.237500 3.653846 
-1.377258 3.438834 
-1.299040 3.250000 
-1.060660 2.939340 
-1.060660 2.939340 
-1.299040 3.250000 
-1.377258 3.438834 
-1.856250 2.701923 
-0.751255 2.701923 
-1.060660 2.939340 
-1.448890 3.611770 
-1.377258 3.438834 
-1.237500 3.653846 
-1.454433 3.653878 
-1.448890 3.611770 
-1.448890 3.611770 
-1.454433 3.653878 
-2.473626 3.654027 
-1.856250 2.701923 
-1.377258 3.438834 
-1.448890 3.611770 
-1.500000 4.000000 
-1.454433 3.653878 
-1.237500 3.653846 
-1.462500 4.000000 
-1.500000 4.000000 
-1.500000 4.000000 
-2.249200 4.000000 
-2.473626 3.654027 
-1.454433 3.653878 
-1.500000 4.000000 
2.490490 3.782110 
2.473626 3.654027 
2.699051 4.000000 
2.500000 4.000000 
2.490490 3.782110 
2.490490 3.782110 
2.500000 4.000000 
2.249200 4.000000 
2.473626 3.654027 
2.490490 3.782110 
2.462020 3.565880 
2.414810 3.352950 
2.349230 3.144950 
2.265770 2.943450 
2.165060 2.750000 
2.134432 2.701923 
2.703186 2.701923 
2.718920 2.732150 
2.819080 2.973940 
2.850884 3.074807 
2.473626 3.654027 
2.462020 3.565880 
2.462020 3.565880 
2.473626 3.654027 
1.856250 2.701923 
2.134432 2.701923 
2.165060 2.750000 
2.265770 2.943450 
2.349230 3.144950 
2.414810 3.352950 
2.462020 3.565880 
2.473626 3.654027 
2.977445 3.653953 
2.988580 3.738530 
3.000000 4.000000 
2.699051 4.000000 
2.473626 3.654027 
2.473626 3.654027 
2.850884 3.074807 
2.897780 3.223540 
2.954420 3.479060 
2.977445 3.653953 
2.473626 3.654027 
2.047880 2.566060 
1.991944 2.493163 
2.279295 2.051085 
2.298130 2.071640 
2.457460 2.279270 
2.598080 2.500000 
2.703186 2.701923 
2.134432 2.701923 
2.047880 2.566060 
2.047880 2.566060 
2.134432 2.701923 
1.856250 2.701923 
1.991944 2.493163 
2.047880 2.566060 
1.915110 2.393030 
1.767770 2.232230 
1.606970 2.084890 
1.433940 1.952120 
1.322896 1.881379 
1.237500 1.750000 
1.980886 1.750000 
2.121320 1.878680 
2.279295 2.051085 
1.991944 2.493163 
1.915110 2.393030 
1.915110 2.393030 
1.991944 2.493163 
1.856250 2.701923 
1.322896 1.881379 
1.433940 1.952120 
1.606970 2.084890 
1.767770 2.232230 
1.915110 2.393030 
1.250000 1.834940 
1.199409 1.808602 
1.237500 1.750000 
1.322896 1.881379 
1.250000 1.834940 
1.056550 1.734230 
0.855050 1.650770 
0.647050 1.585190 
0.434120 1.537980 
0.217890 1.509510 
0.158017 1.506897 
0.618750 0.798077 
1.237500 1.750000 
1.086842 1.750000 
1.056550 1.734230 
1.056550 1.734230 
1.086842 1.750000 
0.000000 1.750000 
0.158017 1.506897 
0.217890 1.509510 
0.434120 1.537980 
0.647050 1.585190 
0.855050 1.650770 
1.056550 1.734230 
1.086842 1.750000 
1.237500 1.750000 
1.199409 1.808602 
1.086842 1.750000 
0.000000 1.500000 
-0.158017 1.506897 
-0.618750 0.798077 
0.618750 0.798077 
0.158017 1.506897 
0.000000 1.500000 
0.000000 1.500000 
0.158017 1.506897 
0.000000 1.750000 
-0.158017 1.506897 
0.000000 1.500000 
-0.217890 1.509510 
-0.158017 1.506897 
0.000000 1.750000 
-1.086842 1.750000 
-1.056550 1.734230 
-0.855050 1.650770 
-0.647050 1.585190 
-0.434120 1.537980 
-0.217890 1.509510 
-0.217890 1.509510 
-0.434120 1.537980 
-0.647050 1.585190 
-0.855050 1.650770 
-1.056550 1.734230 
-1.086842 1.750000 
-1.237500 1.750000 
-0.618750 0.798077 
-0.158017 1.506897 
-0.217890 1.509510 
-1.250000 1.834940 
-1.322896 1.881379 
-1.237500 1.750000 
-1.199409 1.808602 
-1.250000 1.834940 
-1.086842 1.750000 
-1.199409 1.808602 
-1.237500 1.750000 
-1.086842 1.750000 
-1.433940 1.952120 
-1.322896 1.881379 
-1.856250 2.701923 
-1.991944 2.493163 
-1.915110 2.393030 
-1.767770 2.232230 
-1.606970 2.084890 
-1.433940 1.952120 
-1.433940 1.952120 
-1.606970 2.084890 
-1.767770 2.232230 
-1.915110 2.393030 
-1.991944 2.493163 
-2.279295 2.051085 
-2.121320 1.878680 
-1.980886 1.750000 
-1.237500 1.750000 
-1.322896 1.881379 
-1.433940 1.952120 
-2.047880 2.566060 
-1.991944 2.493163 
-1.856250 2.701923 
-2.134432 2.701923 
-2.047880 2.566060 
-2.047880 2.566060 
-2.134432 2.701923 
-2.703186 2.701923 
-2.598080 2.500000 
-2.457460 2.279270 
-2.298130 2.071640 
-2.279295 2.051085 
-1.991944 2.493163 
-2.047880 2.566060 
-2.165060 2.750000 
-2.134432 2.701923 
-1.856250 2.701923 
-2.473626 3.654027 
-2.462020 3.565880 
-2.414810 3.352950 
-2.349230 3.144950 
-2.265770 2.943450 
-2.165060 2.750000 
-2.165060 2.750000 
-2.265770 2.943450 
-2.349230 3.144950 
-2.414810 3.352950 
-2.462020 3.565880 
-2.473626 3.654027 
-2.850884 3.074807 
-2.819080 2.973940 
-2.718920 2.732150 
-2.703186 2.701923 
-2.134432 2.701923 
-2.165060 2.750000 
-2.490490 3.782110 
-2.473626 3.654027 
-2.249200 4.000000 
-2.500000 4.000000 
-2.490490 3.782110 
-2.490490 3.782110 
-2.500000 4.000000 
-2.699051 4.000000 
-2.473626 3.654027 
-2.490490 3.782110 
-2.473626 3.654027 
-2.699051 4.000000 
-3.000000 4.000000 
-2.988580 3.738530 
-2.977445 3.653953 
-2.473626 3.654027 
-2.473626 3.654027 
-2.977445 3.653953 
-2.954420 3.479060 
-2.897780 3.223540 
-2.850884 3.074807 
-2.473626 3.654027 
3.486680 3.694950 
3.481274 3.653880 
3.712500 3.653846 
3.499213 3.981980 
3.486680 3.694950 
3.486680 3.694950 
3.499213 3.981980 
3.487500 4.000000 
3.000000 4.000000 
2.988580 3.738530 
2.977445 3.653953 
3.481274 3.653880 
3.486680 3.694950 
3.500000 4.000000 
3.499213 3.981980 
3.712500 3.653846 
3.937500 4.000000 
3.500000 4.000000 
3.500000 4.000000 
3.487500 4.000000 
3.499213 3.981980 
3.500000 4.000000 
3.446830 3.392230 
3.397333 3.168974 
3.712500 3.653846 
3.481274 3.653880 
3.446830 3.392230 
3.446830 3.392230 
3.481274 3.653880 
2.977445 3.653953 
2.954420 3.479060 
2.897780 3.223540 
2.850884 3.074807 
3.093750 2.701923 
3.397333 3.168974 
3.446830 3.392230 
3.380740 3.094130 
3.288920 2.802930 
3.247084 2.701923 
4.000000 2.701923 
4.000000 3.211538 
3.712500 3.653846 
3.397333 3.168974 
3.380740 3.094130 
3.380740 3.094130 
3.397333 3.168974 
3.093750 2.701923 
3.247084 2.701923 
3.288920 2.802930 
3.380740 3.094130 
3.172080 2.520840 
3.031090 2.250000 
2.867030 1.992480 
2.681160 1.750240 
2.680940 1.750000 
3.712500 1.750000 
3.187405 2.557839 
3.172080 2.520840 
3.172080 2.520840 
3.187405 2.557839 
3.093750 2.701923 
2.475000 1.750000 
2.680940 1.750000 
2.681160 1.750240 
2.867030 1.992480 
3.031090 2.250000 
3.172080 2.520840 
3.187405 2.557839 
3.712500 1.750000 
4.000000 2.192308 
4.000000 2.701923 
3.247084 2.701923 
3.187405 2.557839 
3.187405 2.557839 
3.247084 2.701923 
3.093750 2.701923 
3.187405 2.557839 
2.474870 1.525130 
2.249760 1.318840 
2.140008 1.234628 
1.856250 0.798077 
3.093750 0.798077 
2.560458 1.618526 
2.474870 1.525130 
2.474870 1.525130 
2.560458 1.618526 
2.475000 1.750000 
2.140008 1.234628 
2.249760 1.318840 
2.474870 1.525130 
2.560458 1.618526 
3.093750 0.798077 
3.712500 1.750000 
2.680940 1.750000 
2.560458 1.618526 
2.560458 1.618526 
2.680940 1.750000 
2.475000 1.750000 
2.560458 1.618526 
2.007520 1.132970 
1.750000 0.968910 
1.746420 0.967046 
1.856250 0.798077 
2.140008 1.234628 
2.007520 1.132970 
2.007520 1.132970 
2.140008 1.234628 
2.475000 1.750000 
1.980886 1.750000 
1.237500 1.750000 
1.746420 0.967046 
1.750000 0.968910 
2.007520 1.132970 
1.479160 0.827920 
1.407109 0.798077 
1.856250 0.798077 
1.746420 0.967046 
1.479160 0.827920 
1.479160 0.827920 
1.746420 0.967046 
1.237500 1.750000 
0.618750 0.798077 
1.407109 0.798077 
1.479160 0.827920 
1.197070 0.711080 
0.905870 0.619260 
0.756506 0.586145 
1.137500 0.000000 
1.337500 0.000000 
1.856250 0.798077 
1.407109 0.798077 
1.197070 0.711080 
1.197070 0.711080 
1.407109 0.798077 
0.618750 0.798077 
0.756506 0.586145 
0.905870 0.619260 
1.197070 0.711080 
0.607770 0.553170 
0.445692 0.531834 
0.100000 0.000000 
1.137500 0.000000 
0.756506 0.586145 
0.607770 0.553170 
0.607770 0.553170 
0.756506 0.586145 
0.618750 0.798077 
0.445692 0.531834 
0.607770 0.553170 
0.305050 0.513320 
0.000000 0.500000 
-0.305050 0.513320 
-0.445692 0.531834 
-0.100000 0.000000 
0.100000 0.000000 
0.445692 0.531834 
0.305050 0.513320 
0.305050 0.513320 
0.445692 0.531834 
0.618750 0.798077 
-0.618750 0.798077 
-0.445692 0.531834 
-0.305050 0.513320 
0.000000 0.500000 
0.305050 0.513320 
-0.607770 0.553170 
-0.445692 0.531834 
-0.618750 0.798077 
-0.756506 0.586145 
-0.607770 0.553170 
-0.607770 0.553170 
-0.756506 0.586145 
-1.137500 0.000000 
-0.100000 0.000000 
-0.445692 0.531834 
-0.607770 0.553170 
-0.905870 0.619260 
-0.756506 0.586145 
-0.618750 0.798077 
-1.407109 0.798077 
-1.197070 0.711080 
-0.905870 0.619260 
-0.905870 0.619260 
-1.197070 0.711080 
-1.407109 0.798077 
-1.856250 0.798077 
-1.337500 0.000000 
-1.137500 0.000000 
-0.756506 0.586145 
-0.905870 0.619260 
-1.479160 0.827920 
-1.407109 0.798077 
-0.618750 0.798077 
-1.237500 1.750000 
-1.746420 0.967046 
-1.479160 0.827920 
-1.479160 0.827920 
-1.746420 0.967046 
-1.856250 0.798077 
-1.407109 0.798077 
-1.479160 0.827920 
-1.750000 0.968910 
-1.746420 0.967046 
-1.237500 1.750000 
-1.980886 1.750000 
-2.475000 1.750000 
-2.140008 1.234628 
-2.007520 1.132970 
-1.750000 0.968910 
-1.750000 0.968910 
-2.007520 1.132970 
-2.140008 1.234628 
-1.856250 0.798077 
-1.746420 0.967046 
-1.750000 0.968910 
-2.249760 1.318840 
-2.140008 1.234628 
-2.475000 1.750000 
-2.560458 1.618526 
-2.474870 1.525130 
-2.249760 1.318840 
-2.249760 1.318840 
-2.474870 1.525130 
-2.560458 1.618526 
-3.093750 0.798077 
-1.856250 0.798077 
-2.140008 1.234628 
-2.249760 1.318840 
-2.681160 1.750240 
-2.680940 1.750000 
-2.475000 1.750000 
-3.093750 2.701923 
-3.187405 2.557839 
-3.172080 2.520840 
-3.031090 2.250000 
-2.867030 1.992480 
-2.681160 1.750240 
-2.681160 1.750240 
-2.867030 1.992480 
-3.031090 2.250000 
-3.172080 2.520840 
-3.187405 2.557839 
-3.712500 1.750000 
-2.680940 1.750000 
-2.681160 1.750240 
-2.560458 1.618526 
-2.475000 1.750000 
-2.680940 1.750000 
-2.560458 1.618526 
-2.560458 1.618526 
-2.680940 1.750000 
-3.712500 1.750000 
-3.093750 0.798077 
-2.560458 1.618526 
-3.288920 2.802930 
-3.247084 2.701923 
-3.093750 2.701923 
-3.397333 3.168974 
-3.380740 3.094130 
-3.288920 2.802930 
-3.288920 2.802930 
-3.380740 3.094130 
-3.397333 3.168974 
-3.712500 3.653846 
-4.000000 3.211538 
-4.000000 2.701923 
-3.247084 2.701923 
-3.288920 2.802930 
-3.187405 2.557839 
-3.093750 2.701923 
-3.247084 2.701923 
-3.187405 2.557839 
-3.187405 2.557839 
-3.247084 2.701923 
-4.000000 2.701923 
-4.000000 2.192308 
-3.712500 1.750000 
-3.187405 2.557839 
-3.446830 3.392230 
-3.397333 3.168974 
-3.093750 2.701923 
-2.850884 3.074807 
-2.897780 3.223540 
-2.954420 3.479060 
-2.977445 3.653953 
-3.481274 3.653880 
-3.446830 3.392230 
-3.446830 3.392230 
-3.481274 3.653880 
-3.712500 3.653846 
-3.397333 3.168974 
-3.446830 3.392230 
-3.486680 3.694950 
-3.481274 3.653880 
-2.977445 3.653953 
-2.988580 3.738530 
-3.000000 4.000000 
-3.487500 4.000000 
-3.499213 3.981980 
-3.486680 3.694950 
-3.486680 3.694950 
-3.499213 3.981980 
-3.712500 3.653846 
-3.481274 3.653880 
-3.486680 3.694950 
-3.500000 4.000000 
-3.499213 3.981980 
-3.487500 4.000000 
-3.500000 4.000000 
-3.500000 4.000000 
-3.937500 4.000000 
-3.712500 3.653846 
-3.499213 3.981980 
-3.500000 4.000000 
3.897110 1.750000 
3.805732 1.606567 
4.000000 1.307692 
4.000000 1.750000 
3.897110 1.750000 
3.897110 1.750000 
4.000000 1.750000 
4.000000 1.947641 
3.897110 1.750000 
3.897110 1.750000 
4.000000 1.947641 
4.000000 2.192308 
3.712500 1.750000 
3.897110 1.750000 
3.897110 1.750000 
3.712500 1.750000 
3.805732 1.606567 
3.897110 1.750000 
4.000000 1.947641 
4.000000 1.750000 
4.500000 1.750000 
4.500000 2.442308 
4.331250 2.701923 
4.000000 2.192308 
4.000000 1.947641 
3.686180 1.418910 
3.447200 1.107460 
3.181980 0.818020 
3.160216 0.798077 
4.000000 0.798077 
4.000000 1.307692 
3.805732 1.606567 
3.686180 1.418910 
3.686180 1.418910 
3.805732 1.606567 
3.712500 1.750000 
3.093750 0.798077 
3.160216 0.798077 
3.181980 0.818020 
3.447200 1.107460 
3.686180 1.418910 
2.892540 0.552800 
2.581090 0.313820 
2.291101 0.129075 
2.375000 0.000000 
2.575000 0.000000 
2.995856 0.647470 
2.892540 0.552800 
2.892540 0.552800 
2.995856 0.647470 
3.093750 0.798077 
1.856250 0.798077 
2.291101 0.129075 
2.581090 0.313820 
2.892540 0.552800 
2.995856 0.647470 
2.575000 0.000000 
3.612500 0.000000 
3.118560 0.759907 
2.995856 0.647470 
2.995856 0.647470 
3.118560 0.759907 
3.093750 0.798077 
2.995856 0.647470 
3.118560 0.759907 
3.612500 0.000000 
3.812500 0.000000 
4.000000 0.288462 
4.000000 0.798077 
3.160216 0.798077 
3.118560 0.759907 
3.118560 0.759907 
3.160216 0.798077 
3.093750 0.798077 
3.118560 0.759907 
2.250000 0.102890 
2.052359 0.000000 
2.375000 0.000000 
2.291101 0.129075 
2.250000 0.102890 
2.250000 0.102890 
2.291101 0.129075 
1.856250 0.798077 
1.337500 0.000000 
2.052359 0.000000 
2.250000 0.102890 
1.901780 -0.078390 
1.719611 -0.153846 
2.475000 -0.153846 
2.375000 0.000000 
2.052359 0.000000 
1.901780 -0.078390 
1.901780 -0.078390 
2.052359 0.000000 
1.337500 0.000000 
1.237500 -0.153846 
1.719611 -0.153846 
1.901780 -0.078390 
1.719611 -0.153846 
1.237500 -0.153846 
1.462500 -0.500000 
2.250000 -0.500000 
2.475000 -0.153846 
1.719611 -0.153846 
-3.897110 1.750000 
-3.805732 1.606567 
-3.712500 1.750000 
-3.897110 1.750000 
-3.897110 1.750000 
-3.712500 1.750000 
-4.000000 2.192308 
-4.000000 1.947641 
-3.897110 1.750000 
-3.897110 1.750000 
-4.000000 1.947641 
-4.000000 1.750000 
-3.897110 1.750000 
-3.897110 1.750000 
-4.000000 1.750000 
-4.000000 1.307692 
-3.805732 1.606567 
-3.897110 1.750000 
-4.000000 1.947641 
-4.000000 2.192308 
-4.331250 2.701923 
-4.500000 2.442308 
-4.500000 1.750000 
-4.000000 1.750000 
-4.000000 1.947641 
-3.686180 1.418910 
-3.447200 1.107460 
-3.181980 0.818020 
-3.160216 0.798077 
-3.093750 0.798077 
-3.712500 1.750000 
-3.805732 1.606567 
-3.686180 1.418910 
-3.686180 1.418910 
-3.805732 1.606567 
-4.000000 1.307692 
-4.000000 0.798077 
-3.160216 0.798077 
-3.181980 0.818020 
-3.447200 1.107460 
-3.686180 1.418910 
-2.892540 0.552800 
-2.581090 0.313820 
-2.291101 0.129075 
-1.856250 0.798077 
-3.093750 0.798077 
-2.995856 0.647470 
-2.892540 0.552800 
-2.892540 0.552800 
-2.995856 0.647470 
-2.575000 0.000000 
-2.375000 0.000000 
-2.291101 0.129075 
-2.581090 0.313820 
-2.892540 0.552800 
-3.118560 0.759907 
-2.995856 0.647470 
-3.093750 0.798077 
-3.118560 0.759907 
-3.118560 0.759907 
-3.093750 0.798077 
-3.160216 0.798077 
-3.118560 0.759907 
-3.118560 0.759907 
-3.160216 0.798077 
-4.000000 0.798077 
-4.000000 0.288462 
-3.812500 0.000000 
-3.612500 0.000000 
-3.118560 0.759907 
-3.118560 0.759907 
-3.612500 0.000000 
-2.575000 0.000000 
-2.995856 0.647470 
-3.118560 0.759907 
-2.250000 0.102890 
-2.052359 0.000000 
-1.337500 0.000000 
-1.856250 0.798077 
-2.291101 0.129075 
-2.250000 0.102890 
-2.250000 0.102890 
-2.291101 0.129075 
-2.375000 0.000000 
-2.052359 0.000000 
-2.250000 0.102890 
-1.901780 -0.078390 
-1.719611 -0.153846 
-1.237500 -0.153846 
-1.337500 0.000000 
-2.052359 0.000000 
-1.901780 -0.078390 
-1.901780 -0.078390 
-2.052359 0.000000 
-2.375000 0.000000 
-2.475000 -0.153846 
-1.719611 -0.153846 
-1.901780 -0.078390 
-1.719611 -0.153846 
-2.475000 -0.153846 
-2.250000 -0.500000 
-1.462500 -0.500000 
-1.237500 -0.153846 
-1.719611 -0.153846 
2.819080 2.973940 
2.718920 2.732150 
2.703186 2.701923 
3.093750 2.701923 
2.850884 3.074807 
2.819080 2.973940 
2.598080 2.500000 
2.457460 2.279270 
2.298130 2.071640 
2.279295 2.051085 
2.475000 1.750000 
3.093750 2.701923 
2.703186 2.701923 
2.598080 2.500000 
2.121320 1.878680 
1.980886 1.750000 
2.475000 1.750000 
2.279295 2.051085 
2.121320 1.878680 
-2.819080 2.973940 
-2.850884 3.074807 
-3.093750 2.701923 
-2.703186 2.701923 
-2.718920 2.732150 
-2.819080 2.973940 
-2.598080 2.500000 
-2.703186 2.701923 
-3.093750 2.701923 
-2.475000 1.750000 
-2.279295 2.051085 
-2.298130 2.071640 
-2.457460 2.279270 
-2.598080 2.500000 
-2.121320 1.878680 
-2.279295 2.051085 
-2.475000 1.750000 
-1.980886 1.750000 
-2.121320 1.878680 
-4.000000 4.000000 
-4.000000 3.653846 
-3.712500 3.653846 
-3.937500 4.000000 
-4.000000 4.000000 
-4.000000 4.000000 
-4.500000 4.000000 
-4.500000 3.653846 
-4.000000 3.653846 
-4.000000 4.000000 
4.000000 4.000000 
4.000000 3.653846 
4.500000 3.653846 
4.500000 4.000000 
4.000000 4.000000 
4.000000 4.000000 
3.937500 4.000000 
3.712500 3.653846 
4.000000 3.653846 
4.000000 4.000000 
-1.462500 4.000000 
-1.237500 3.653846 
-1.012500 4.000000 
-1.462500 4.000000 
-0.225000 4.000000 
0.000000 3.653846 
0.225000 4.000000 
-0.225000 4.000000 
1.012500 4.000000 
1.237500 3.653846 
1.462500 4.000000 
1.012500 4.000000 
-4.000000 0.000000 
-4.000000 0.288462 
-4.331250 0.798077 
-4.500000 0.538462 
-4.500000 -0.153846 
-3.712500 -0.153846 
-3.812500 0.000000 
-4.000000 0.000000 
-4.000000 0.000000 
-3.812500 0.000000 
-4.000000 0.288462 
-4.000000 0.000000 
-4.000000 0.288462 
-4.000000 0.798077 
-4.331250 0.798077 
-4.000000 0.288462 
-4.000000 0.798077 
-4.000000 1.307692 
-4.331250 0.798077 
-4.000000 0.798077 
-4.000000 1.307692 
-4.000000 1.750000 
-4.500000 1.750000 
-4.500000 1.057692 
-4.331250 0.798077 
-4.000000 1.307692 
-4.000000 2.192308 
-4.000000 2.701923 
-4.331250 2.701923 
-4.000000 2.192308 
-4.000000 2.701923 
-4.000000 3.211538 
-4.331250 2.701923 
-4.000000 2.701923 
-4.000000 3.211538 
-3.712500 3.653846 
-4.000000 3.653846 
-4.000000 3.211538 
-4.000000 3.211538 
-4.000000 3.653846 
-4.500000 3.653846 
-4.500000 2.961538 
-4.331250 2.701923 
-4.000000 3.211538 
4.000000 0.000000 
3.812500 0.000000 
3.712500 -0.153846 
4.500000 -0.153846 
4.500000 0.538462 
4.331250 0.798077 
4.000000 0.288462 
4.000000 0.000000 
4.000000 0.000000 
4.000000 0.288462 
3.812500 0.000000 
4.000000 0.000000 
-3.812500 0.000000 
-3.712500 -0.153846 
-3.612500 0.000000 
-3.812500 0.000000 
-3.612500 0.000000 
-3.712500 -0.153846 
-2.475000 -0.153846 
-2.575000 0.000000 
-3.612500 0.000000 
-2.575000 0.000000 
-2.475000 -0.153846 
-2.375000 0.000000 
-2.575000 0.000000 
-1.337500 0.000000 
-1.237500 -0.153846 
-1.137500 0.000000 
-1.337500 0.000000 
-1.137500 0.000000 
-1.237500 -0.153846 
0.000000 -0.153846 
-0.100000 0.000000 
-1.137500 0.000000 
-0.100000 0.000000 
0.000000 -0.153846 
0.100000 0.000000 
-0.100000 0.000000 
0.100000 0.000000 
0.000000 -0.153846 
1.237500 -0.153846 
1.137500 0.000000 
0.100000 0.000000 
1.137500 0.000000 
1.237500 -0.153846 
1.337500 0.000000 
1.137500 0.000000 
2.375000 0.000000 
2.475000 -0.153846 
2.575000 0.000000 
2.375000 0.000000 
2.575000 0.000000 
2.475000 -0.153846 
3.712500 -0.153846 
3.612500 0.000000 
2.575000 0.000000 
3.612500 0.000000 
3.712500 -0.153846 
3.812500 0.000000 
3.612500 0.000000 
4.000000 0.288462 
4.331250 0.798077 
4.000000 0.798077 
4.000000 0.288462 
4.000000 0.798077 
4.331250 0.798077 
4.000000 1.307692 
4.000000 0.798077 
4.000000 1.307692 
4.331250 0.798077 
4.500000 1.057692 
4.500000 1.750000 
4.000000 1.750000 
4.000000 1.307692 
4.000000 2.192308 
4.331250 2.701923 
4.000000 2.701923 
4.000000 2.192308 
4.000000 2.701923 
4.331250 2.701923 
4.000000 3.211538 
4.000000 2.701923 
4.000000 3.211538 
4.331250 2.701923 
4.500000 2.961538 
4.500000 3.653846 
4.000000 3.653846 
4.000000 3.211538 
4.000000 3.211538 
4.000000 3.653846 
3.712500 3.653846 
4.000000 3.211538 
-4.500000 -0.500000 
-3.937500 -0.500000 
-3.712500 -0.153846 
-4.500000 -0.153846 
-4.500000 -0.500000 
-4.500000 0.538462 
-4.331250 0.798077 
-4.500000 0.798077 
-4.500000 0.538462 
-4.500000 0.798077 
-4.331250 0.798077 
-4.500000 1.057692 
-4.500000 0.798077 
-4.500000 2.442308 
-4.331250 2.701923 
-4.500000 2.701923 
-4.500000 2.442308 
-4.500000 2.701923 
-4.331250 2.701923 
-4.500000 2.961538 
-4.500000 2.701923 
4.500000 -0.500000 
4.500000 -0.153846 
3.712500 -0.153846 
3.937500 -0.500000 
4.500000 -0.500000 
-3.937500 -0.500000 
-3.487500 -0.500000 
-3.712500 -0.153846 
-3.937500 -0.500000 
-3.487500 -0.500000 
-2.700000 -0.500000 
-2.475000 -0.153846 
-3.712500 -0.153846 
-3.487500 -0.500000 
-2.700000 -0.500000 
-2.250000 -0.500000 
-2.475000 -0.153846 
-2.700000 -0.500000 
-1.462500 -0.500000 
-1.012500 -0.500000 
-1.237500 -0.153846 
-1.462500 -0.500000 
-1.012500 -0.500000 
-0.225000 -0.500000 
0.000000 -0.153846 
-1.237500 -0.153846 
-1.012500 -0.500000 
-0.225000 -0.500000 
0.225000 -0.500000 
0.000000 -0.153846 
-0.225000 -0.500000 
0.225000 -0.500000 
1.012500 -0.500000 
1.237500 -0.153846 
0.000000 -0.153846 
0.225000 -0.500000 
1.012500 -0.500000 
1.462500 -0.500000 
1.237500 -0.153846 
1.012500 -0.500000 
2.250000 -0.500000 
2.700000 -0.500000 
2.475000 -0.153846 
2.250000 -0.500000 
2.700000 -0.500000 
3.487500 -0.500000 
3.712500 -0.153846 
2.475000 -0.153846 
2.700000 -0.500000 
3.487500 -0.500000 
3.937500 -0.500000 
3.712500 -0.153846 
3.487500 -0.500000 
4.500000 0.538462 
4.500000 0.798077 
4.331250 0.798077 
4.500000 0.538462 
4.500000 0.798077 
4.500000 1.057692 
4.331250 0.798077 
4.500000 0.798077 
4.500000 2.442308 
4.500000 2.701923 
4.331250 2.701923 
4.500000 2.442308 
4.500000 2.701923 
4.500000 2.961538 
4.331250 2.701923 
4.500000 2.701923 
-4.331250 -1.105769 
-3.093750 -1.105769 
-1.856250 -1.105769 
-0.618750 -1.105769 
0.618750 -1.105769 
1.856250 -1.105769 
3.093750 -1.105769 
4.331250 -1.105769 
-4.950000 -0.153846 
-3.712500 -0.153846 
-3.712500 -0.153846 
-3.712500 -0.153846 
-2.475000 -0.153846 
-2.475000 -0.153846 
-2.475000 -0.153846 
-1.237500 -0.153846 
-1.237500 -0.153846 
-1.237500 -0.153846 
0.000000 -0.153846 
0.000000 -0.153846 
0.000000 -0.153846 
1.237500 -0.153846 
1.237500 -0.153846 
1.237500 -0.153846 
2.475000 -0.153846 
2.475000 -0.153846 
2.475000 -0.153846 
3.712500 -0.153846 
3.712500 -0.153846 
3.712500 -0.153846 
4.950000 -0.153846 
-5.568750 0.798077 
-4.331250 0.798077 
-4.331250 0.798077 
-4.331250 0.798077 
-3.093750 0.798077 
-3.093750 0.798077 
-3.093750 0.798077 
-3.093750 0.798077 
-3.093750 0.798077 
-1.856250 0.798077 
-1.856250 0.798077 
-1.856250 0.798077 
-1.856250 0.798077 
-1.856250 0.798077 
-0.618750 0.798077 
-0.618750 0.798077 
-0.618750 0.798077 
-0.618750 0.798077 
0.618750 0.798077 
0.618750 0.798077 
0.618750 0.798077 
0.618750 0.798077 
1.856250 0.798077 
1.856250 0.798077 
1.856250 0.798077 
1.856250 0.798077 
1.856250 0.798077 
3.093750 0.798077 
3.093750 0.798077 
3.093750 0.798077 
3.093750 0.798077 
3.093750 0.798077 
4.331250 0.798077 
4.331250 0.798077 
4.331250 0.798077 
5.568750 0.798077 
-4.950000 1.750000 
-4.950000 1.750000 
-4.950000 1.750000 
-3.712500 1.750000 
-3.712500 1.750000 
-3.712500 1.750000 
-3.712500 1.750000 
-2.475000 1.750000 
-2.475000 1.750000 
-2.475000 1.750000 
-1.237500 1.750000 
-1.237500 1.750000 
-1.237500 1.750000 
-1.237500 1.750000 
0.000000 1.750000 
0.000000 1.750000 
0.000000 1.750000 
1.237500 1.750000 
1.237500 1.750000 
1.237500 1.750000 
1.237500 1.750000 
2.475000 1.750000 
2.475000 1.750000 
2.475000 1.750000 
3.712500 1.750000 
3.712500 1.750000 
3.712500 1.750000 
3.712500 1.750000 
4.950000 1.750000 
4.950000 1.750000 
4.950000 1.750000 
-5.568750 2.701923 
-4.331250 2.701923 
-4.331250 2.701923 
-4.331250 2.701923 
-3.093750 2.701923 
-3.093750 2.701923 
-3.093750 2.701923 
-3.093750 2.701923 
-3.093750 2.701923 
-1.856250 2.701923 
-1.856250 2.701923 
-1.856250 2.701923 
-1.856250 2.701923 
-0.618750 2.701923 
-0.618750 2.701923 
-0.618750 2.701923 
-0.618750 2.701923 
0.618750 2.701923 
0.618750 2.701923 
0.618750 2.701923 
0.618750 2.701923 
1.856250 2.701923 
1.856250 2.701923 
1.856250 2.701923 
1.856250 2.701923 
3.093750 2.701923 
3.093750 2.701923 
3.093750 2.701923 
3.093750 2.701923 
3.093750 2.701923 
4.331250 2.701923 
4.331250 2.701923 
4.331250 2.701923 
5.568750 2.701923 
-4.950000 3.653846 
-4.950000 3.653846 
-3.712500 3.653846 
-3.712500 3.653846 
-3.712500 3.653846 
-3.712500 3.653846 
-2.473626 3.654027 
-2.473626 3.654027 
-2.473626 3.654027 
-2.473626 3.654027 
-2.473626 3.654027 
-1.237500 3.653846 
-1.237500 3.653846 
-1.237500 3.653846 
0.000000 3.653846 
0.000000 3.653846 
1.237500 3.653846 
1.237500 3.653846 
1.237500 3.653846 
2.473626 3.654027 
2.473626 3.654027 
2.473626 3.654027 
2.473626 3.654027 
2.473626 3.654027 
3.712500 3.653846 
3.712500 3.653846 
3.712500 3.653846 
3.712500 3.653846 
4.950000 3.653846 
4.950000 3.653846 
-4.331250 4.605769 
-4.331250 4.605769 
-3.093750 4.605769 
-3.093750 4.605769 
-3.093750 4.605769 
-3.093750 4.605769 
-1.856250 4.605769 
-1.856250 4.605769 
-0.618750 4.605769 
-0.618750 4.605769 
0.618750 4.605769 
0.618750 4.605769 
1.856250 4.605769 
1.856250 4.605769 
3.093750 4.605769 
3.093750 4.605769 
3.093750 4.605769 
3.093750 4.605769 
4.331250 4.605769 
4.331250 4.605769 
1 2 10 
2 3 13 
3 4 16 
4 5 19 
5 6 22 
6 7 25 
7 8 28 
9 1 10 
10 2 13 
13 3 16 
16 4 19 
19 5 22 
22 6 25 
25 7 28 
28 8 31 
9 10 33 
34 11 37 
12 14 36 
11 15 37 
10 13 38 
14 17 41 
37 15 42 
13 16 43 
13 16 44 
18 20 46 
17 21 47 
16 19 48 
21 23 50 
20 24 51 
19 22 52 
54 26 59 
23 27 55 
22 25 56 
22 25 57 
26 29 59 
27 30 60 
25 28 61 
28 31 64 
59 29 65 
32 9 33 
35 12 36 
34 11 37 
33 10 39 
33 10 38 
36 14 41 
37 15 42 
38 13 44 
45 18 46 
41 17 47 
43 16 48 
47 21 50 
46 20 51 
48 19 52 
50 23 55 
51 24 58 
52 22 57 
54 26 59 
55 27 60 
56 25 61 
59 29 65 
60 30 66 
61 28 64 
62 28 64 
64 31 67 
32 33 68 
35 36 71 
34 37 72 
33 39 73 
40 45 75 
36 41 76 
45 46 78 
41 47 79 
46 51 82 
49 53 83 
50 55 85 
51 58 86 
55 60 89 
58 63 90 
59 65 92 
60 66 93 
62 64 94 
64 67 96 
69 35 71 
70 34 72 
68 33 73 
74 40 75 
71 36 76 
75 45 78 
76 41 79 
80 49 83 
78 46 82 
82 51 86 
83 53 87 
85 55 89 
86 58 90 
89 60 93 
90 63 95 
92 65 97 
93 66 98 
94 64 96 
69 71 100 
70 34 72 
68 73 101 
74 75 103 
71 76 104 
77 80 108 
75 78 109 
75 78 110 
81 84 112 
80 83 113 
78 82 114 
83 87 116 
84 88 117 
82 86 118 
86 90 120 
87 91 121 
86 90 122 
89 93 124 
90 95 125 
92 65 97 
93 98 129 
94 96 130 
99 68 101 
102 74 103 
100 71 104 
101 73 105 
106 77 108 
107 75 109 
103 75 110 
111 81 112 
108 80 113 
109 78 114 
113 83 116 
112 84 117 
116 87 121 
117 88 123 
118 86 120 
120 90 126 
121 91 127 
122 90 125 
124 93 129 
125 95 131 
128 94 130 
130 96 132 
99 101 133 
102 103 135 
100 104 136 
101 105 137 
106 108 139 
107 109 140 
103 110 141 
111 112 144 
108 113 145 
112 117 147 
115 119 148 
116 121 149 
117 123 150 
120 126 152 
121 127 153 
122 125 154 
124 129 157 
125 131 158 
128 130 159 
130 132 161 
134 100 136 
133 101 137 
138 107 140 
135 103 141 
136 104 142 
143 111 144 
139 108 145 
146 115 148 
144 112 147 
147 117 150 
148 119 151 
149 121 153 
150 123 155 
152 126 160 
156 124 157 
154 125 158 
159 130 161 
157 129 162 
134 136 163 
133 137 164 
138 140 165 
135 141 166 
136 142 167 
143 144 169 
139 145 170 
146 148 171 
144 147 172 
147 150 173 
148 151 174 
149 153 175 
150 155 176 
152 160 177 
156 157 178 
154 158 179 
159 161 181 
157 162 182 
135 141 166 
163 136 167 
168 139 170 
138 140 165 
169 144 172 
171 148 174 
173 150 176 
152 160 177 
175 153 180 
178 157 182 
154 158 179 
1 44 
46 64 
66 141 
143 316 
318 424 
426 448 
450 531 
533 555 
6 1 
1 1 
2 1 
21 1 
15 1 
16 1 
17 1 
34 1 
30 1 
54 1 
48 1 
49 1 
50 1 
68 1 
63 1 
64 1 
65 1 
1000 1 
192 1 
189 1 
181 1 
178 1 
169 1 
170 1 
165 1 
145 1 
142 1 
155 1 
128 1 
129 1 
130 1 
124 1 
138 1 
115 1 
112 1 
101 1 
102 1 
97 1 
79 1 
76 1 
89 1 
86 1 
1008 1 
5 1 
6 1 
13 1 
8 1 
9 1 
1004 1 
59 1 
60 1 
61 1 
56 1 
44 1 
45 1 
46 1 
41 1 
39 1 
36 1 
26 1 
27 1 
28 1 
23 1 
12 1 
13 1 
74 1 
70 1 
95 1 
91 1 
92 1 
110 1 
104 1 
136 1 
122 1 
117 1 
118 1 
119 1 
163 1 
153 1 
147 1 
176 1 
172 1 
173 1 
187 1 
183 1 
197 1 
194 1 
398 1 
399 1 
396 1 
378 1 
379 1 
380 1 
381 1 
382 1 
375 1 
364 1 
361 1 
345 1 
346 1 
347 1 
348 1 
342 1 
150 1 
151 1 
160 1 
317 1 
318 1 
319 1 
320 1 
321 1 
314 1 
312 1 
309 1 
293 1 
294 1 
295 1 
296 1 
297 1 
290 1 
134 1 
106 1 
107 1 
270 1 
271 1 
272 1 
273 1 
267 1 
254 1 
251 1 
224 1 
225 1 
226 1 
227 1 
228 1 
221 1 
207 1 
204 1 
205 1 
84 1 
81 1 
74 1 
202 1 
199 1 
219 1 
209 1 
210 1 
211 1 
212 1 
213 1 
249 1 
242 1 
265 1 
256 1 
257 1 
258 1 
259 1 
278 1 
275 1 
301 1 
288 1 
280 1 
281 1 
282 1 
283 1 
284 1 
307 1 
303 1 
331 1 
323 1 
324 1 
325 1 
326 1 
327 1 
338 1 
336 1 
333 1 
359 1 
350 1 
351 1 
352 1 
353 1 
373 1 
366 1 
394 1 
384 1 
385 1 
386 1 
387 1 
388 1 
404 1 
401 1 
402 1 
407 1 
408 1 
409 1 
413 1 
414 1 
415 1 
390 1 
391 1 
392 1 
368 1 
369 1 
370 1 
371 1 
355 1 
356 1 
976 1 
973 1 
969 1 
970 1 
971 1 
965 1 
962 1 
963 1 
959 1 
699 1 
700 1 
701 1 
712 1 
713 1 
714 1 
725 1 
723 1 
716 1 
710 1 
703 1 
696 1 
675 1 
676 1 
672 1 
688 1 
650 1 
651 1 
652 1 
653 1 
646 1 
665 1 
636 1 
637 1 
633 1 
624 1 
625 1 
619 1 
612 1 
608 1 
597 1 
598 1 
594 1 
586 1 
583 1 
579 1 
580 1 
581 1 
575 1 
565 1 
562 1 
553 1 
554 1 
550 1 
540 1 
536 1 
528 1 
529 1 
523 1 
505 1 
506 1 
502 1 
513 1 
480 1 
481 1 
482 1 
483 1 
476 1 
491 1 
465 1 
466 1 
462 1 
452 1 
445 1 
429 1 
423 1 
438 1 
436 1 
425 1 
426 1 
427 1 
447 1 
448 1 
449 1 
944 1 
940 1 
941 1 
952 1 
946 1 
947 1 
948 1 
957 1 
954 1 
262 1 
263 1 
244 1 
245 1 
246 1 
247 1 
215 1 
216 1 
217 1 
237 1 
238 1 
239 1 
231 1 
232 1 
233 1 
201 1 
202 1 
421 1 
418 1 
443 1 
440 1 
460 1 
454 1 
455 1 
489 1 
474 1 
468 1 
469 1 
470 1 
471 1 
511 1 
500 1 
495 1 
496 1 
521 1 
517 1 
518 1 
534 1 
531 1 
548 1 
542 1 
543 1 
560 1 
556 1 
573 1 
567 1 
568 1 
569 1 
592 1 
588 1 
606 1 
600 1 
601 1 
617 1 
614 1 
631 1 
627 1 
628 1 
644 1 
639 1 
640 1 
667 1 
661 1 
655 1 
656 1 
657 1 
658 1 
690 1 
684 1 
678 1 
679 1 
708 1 
705 1 
721 1 
718 1 
730 1 
727 1 
981 1 
978 1 
1046 1 
682 1 
692 1 
842 1 
843 1 
836 1 
867 1 
861 1 
862 1 
863 1 
897 1 
891 1 
882 1 
877 1 
878 1 
915 1 
911 1 
912 1 
604 1 
590 1 
571 1 
558 1 
545 1 
815 1 
816 1 
812 1 
784 1 
785 1 
780 1 
792 1 
803 1 
769 1 
770 1 
771 1 
765 1 
748 1 
741 1 
742 1 
487 1 
457 1 
1142 1 
996 1 
993 1 
434 1 
431 1 
421 1 
739 1 
732 1 
763 1 
757 1 
758 1 
759 1 
801 1 
790 1 
778 1 
773 1 
774 1 
810 1 
807 1 
808 1 
776 1 
788 1 
797 1 
1064 1 
1062 1 
799 1 
761 1 
734 1 
738 1 
739 1 
755 1 
750 1 
1126 1 
1120 1 
1116 1 
1060 1 
1054 1 
1112 1 
1108 1 
1103 1 
821 1 
822 1 
818 1 
828 1 
824 1 
825 1 
1099 1 
1095 1 
1090 1 
1086 1 
1081 1 
925 1 
926 1 
922 1 
932 1 
928 1 
929 1 
1077 1 
1073 1 
1068 1 
1016 1 
1010 1 
1022 1 
1026 1 
1030 1 
859 1 
854 1 
1036 1 
1040 1 
1048 1 
986 1 
983 1 
984 1 
1050 1 
1165 1 
1161 1 
857 1 
1032 1 
1157 1 
1153 1 
1013 1 
1149 1 
1146 1 
1172 1 
1176 1 
1181 1 
936 1 
1185 1 
1189 1 
1194 1 
1198 1 
1203 1 
832 1 
1207 1 
1211 1 
1216 1 
1170 1 
1167 1 
1057 1 
1220 1 
1224 1 
1124 1 
752 1 
1228 1 
1232 1 
1138 1 
990 1 
991 1 
988 1 
1140 1 
1134 1 
1130 1 
755 1 
852 1 
845 1 
846 1 
850 1 
871 1 
901 1 
1020 1 
1018 1 
903 1 
907 1 
886 1 
919 1 
920 1 
917 1 
888 1 
889 1 
884 1 
909 1 
899 1 
873 1 
874 1 
875 1 
869 1 
852 1 
