65 6 1 0 
331 57 2 122 
-4.900000 0.100000 12.000000 
-4.500000 0.100000 3.000000 
-4.100000 0.100000 3.000000 
4.900000 0.100000 18.000000 
4.500000 0.100000 8.000000 
4.100000 0.100000 8.000000 
0.000000 6.600000 59.000000 
157 160 0 
174 177 0 
186 188 0 
197 200 0 
207 210 0 
255 258 0 
265 268 0 
328 330 0 
318 321 0 
313 316 0 
169 172 0 
179 184 0 
190 195 0 
202 205 0 
162 167 0 
260 263 0 
248 253 0 
294 299 0 
323 326 0 
212 214 0 
236 238 0 
270 272 0 
301 303 0 
216 220 0 
274 278 0 
222 226 0 
280 284 0 
228 230 0 
240 242 0 
286 288 0 
305 307 0 
232 234 0 
73 75 3 
244 246 0 
20 22 3 
290 292 0 
309 311 0 
61 64 3 
66 71 0 
77 79 3 
24 26 3 
8 13 0 
15 18 3 
147 150 3 
152 155 0 
49 54 3 
44 47 3 
28 31 3 
1 6 3 
87 90 0 
92 95 3 
133 137 3 
56 59 3 
38 42 3 
33 36 3 
81 85 3 
139 141 3 
122 127 3 
112 116 3 
97 102 3 
104 106 3 
143 145 3 
129 131 3 
118 120 3 
108 110 3 
3.142780 4.703500 
3.174771 4.677246 
3.520000 4.677246 
2.640000 6.031092 
2.124746 5.238394 
2.164780 5.226250 
3.142780 4.703500 
4.000000 4.000000 
4.000000 3.938785 
4.400000 3.323400 
5.000000 4.246477 
5.000000 4.677246 
4.677246 4.677246 
4.000000 4.000000 
4.000000 4.000000 
4.677246 4.677246 
3.520000 4.677246 
3.914716 4.069990 
4.000000 4.000000 
3.399905 4.492484 
3.914716 4.069990 
3.520000 4.677246 
3.399905 4.492484 
3.399905 4.492484 
3.520000 4.677246 
3.174771 4.677246 
3.399905 4.492484 
1.103600 5.548160 
1.216086 5.514037 
0.880000 6.031092 
0.598433 5.597912 
1.103600 5.548160 
1.216086 5.514037 
2.124746 5.238394 
2.640000 6.031092 
0.880000 6.031092 
1.216086 5.514037 
0.000000 5.656850 
0.598433 5.597912 
0.880000 6.031092 
-0.880000 6.031092 
-0.598433 5.597912 
0.000000 5.656850 
-1.103600 5.548160 
-0.598433 5.597912 
-0.880000 6.031092 
-1.216086 5.514037 
-1.103600 5.548160 
-2.164780 5.226250 
-2.124746 5.238394 
-2.640000 6.031092 
-3.520000 4.677246 
-3.174771 4.677246 
-3.142780 4.703500 
-2.164780 5.226250 
-2.124746 5.238394 
-1.216086 5.514037 
-0.880000 6.031092 
-2.640000 6.031092 
-2.124746 5.238394 
-4.000000 4.000000 
-3.914716 4.069990 
-3.520000 4.677246 
-4.677246 4.677246 
-4.000000 4.000000 
-4.000000 4.000000 
-4.677246 4.677246 
-5.000000 4.677246 
-5.000000 4.246477 
-4.400000 3.323400 
-4.000000 3.938785 
-4.000000 4.000000 
-3.914716 4.069990 
-3.399905 4.492484 
-3.520000 4.677246 
-3.914716 4.069990 
-3.399905 4.492484 
-3.174771 4.677246 
-3.520000 4.677246 
-3.399905 4.492484 
3.692770 5.526620 
2.748963 6.031092 
2.640000 6.031092 
3.520000 4.677246 
3.940136 5.323610 
3.692770 5.526620 
4.700000 4.700000 
4.677246 4.677246 
5.000000 4.677246 
5.000000 5.000000 
4.700000 4.700000 
4.700000 4.700000 
3.940136 5.323610 
3.520000 4.677246 
4.677246 4.677246 
4.700000 4.700000 
2.543620 6.140850 
1.296730 6.519090 
1.203187 6.528303 
0.880000 6.031092 
2.640000 6.031092 
2.581988 6.120342 
2.543620 6.140850 
2.748963 6.031092 
2.668096 6.074317 
2.640000 6.031092 
2.748963 6.031092 
2.581988 6.120342 
2.640000 6.031092 
2.668096 6.074317 
2.581988 6.120342 
0.000000 6.646800 
-0.512605 6.596315 
-0.880000 6.031092 
0.880000 6.031092 
0.512605 6.596315 
0.000000 6.646800 
0.512605 6.596315 
0.880000 6.031092 
1.203187 6.528303 
0.512605 6.596315 
-1.296730 6.519090 
-2.543620 6.140850 
-2.581988 6.120342 
-2.640000 6.031092 
-0.880000 6.031092 
-1.203187 6.528303 
-1.296730 6.519090 
-1.203187 6.528303 
-0.880000 6.031092 
-0.512605 6.596315 
-1.203187 6.528303 
-3.692770 5.526620 
-3.940136 5.323610 
-3.520000 4.677246 
-2.640000 6.031092 
-2.748963 6.031092 
-3.692770 5.526620 
-2.748963 6.031092 
-2.640000 6.031092 
-2.668096 6.074317 
-2.748963 6.031092 
-2.668096 6.074317 
-2.640000 6.031092 
-2.581988 6.120342 
-2.668096 6.074317 
-4.700000 4.700000 
-4.677246 4.677246 
-3.520000 4.677246 
-3.940136 5.323610 
-4.700000 4.700000 
-4.700000 4.700000 
-5.000000 5.000000 
-5.000000 4.677246 
-4.677246 4.677246 
-4.700000 4.700000 
-8.000000 0.000000 
-7.519790 0.000000 
-7.779790 0.400000 
-8.000000 0.400000 
-8.000000 0.000000 
0.000000 0.000000 
0.479790 0.000000 
0.739790 0.400000 
0.000000 0.400000 
-0.739790 0.400000 
-0.479790 0.000000 
0.000000 0.000000 
-7.519790 0.000000 
-6.560210 0.000000 
-6.300210 0.400000 
-7.779790 0.400000 
-7.519790 0.000000 
-6.560210 0.000000 
-5.759790 0.000000 
-6.019790 0.400000 
-6.300210 0.400000 
-6.560210 0.000000 
-5.759790 0.000000 
-4.800210 0.000000 
-4.400000 0.615708 
-5.000000 0.615708 
-5.000000 0.400000 
-6.019790 0.400000 
-5.759790 0.000000 
-4.800210 0.000000 
-3.999790 0.000000 
-4.400000 0.615708 
-4.800210 0.000000 
-3.999790 0.000000 
-3.040210 0.000000 
-2.780210 0.400000 
-4.000000 0.400000 
-4.000000 0.615708 
-4.400000 0.615708 
-3.999790 0.000000 
-3.040210 0.000000 
-2.239790 0.000000 
-2.499790 0.400000 
-2.780210 0.400000 
-3.040210 0.000000 
-2.239790 0.000000 
-1.280210 0.000000 
-1.020210 0.400000 
-2.499790 0.400000 
-2.239790 0.000000 
-1.280210 0.000000 
-0.479790 0.000000 
-0.739790 0.400000 
-1.020210 0.400000 
-1.280210 0.000000 
-5.000000 0.615708 
-4.400000 0.615708 
-5.000000 1.538785 
-5.000000 0.615708 
-5.000000 1.538785 
-4.400000 0.615708 
-4.000000 1.231092 
-4.000000 1.969554 
-5.000000 1.969554 
-5.000000 1.538785 
-5.000000 1.969554 
-4.000000 1.969554 
-4.000000 2.708015 
-4.400000 3.323400 
-5.000000 2.400323 
-5.000000 1.969554 
-5.000000 2.400323 
-4.400000 3.323400 
-5.000000 3.323400 
-5.000000 2.400323 
-5.000000 3.323400 
-4.400000 3.323400 
-5.000000 4.246477 
-5.000000 3.323400 
-4.000000 0.615708 
-4.000000 1.231092 
-4.400000 0.615708 
-4.000000 0.615708 
-4.000000 2.708015 
-4.000000 3.323400 
-4.400000 3.323400 
-4.000000 2.708015 
-4.000000 3.323400 
-4.000000 3.938785 
-4.400000 3.323400 
-4.000000 3.323400 
4.000000 0.400000 
2.780210 0.400000 
3.040210 0.000000 
3.999790 0.000000 
4.400000 0.615708 
4.000000 0.615708 
4.000000 0.400000 
0.739790 0.400000 
0.479790 0.000000 
1.280210 0.000000 
1.020210 0.400000 
0.739790 0.400000 
1.020210 0.400000 
1.280210 0.000000 
2.239790 0.000000 
2.499790 0.400000 
1.020210 0.400000 
2.499790 0.400000 
2.239790 0.000000 
3.040210 0.000000 
2.780210 0.400000 
2.499790 0.400000 
4.000000 0.615708 
4.400000 0.615708 
4.000000 1.231092 
4.000000 0.615708 
4.000000 1.231092 
4.400000 0.615708 
5.000000 1.538785 
5.000000 1.969554 
4.000000 1.969554 
4.000000 1.231092 
4.000000 1.969554 
5.000000 1.969554 
5.000000 2.400323 
4.400000 3.323400 
4.000000 2.708015 
4.000000 1.969554 
4.000000 2.708015 
4.400000 3.323400 
4.000000 3.323400 
4.000000 2.708015 
4.000000 3.323400 
4.400000 3.323400 
4.000000 3.938785 
4.000000 3.323400 
5.000000 0.400000 
5.000000 0.615708 
4.400000 0.615708 
4.800210 0.000000 
5.759790 0.000000 
6.019790 0.400000 
5.000000 0.400000 
5.000000 0.615708 
5.000000 1.538785 
4.400000 0.615708 
5.000000 0.615708 
5.000000 2.400323 
5.000000 3.323400 
4.400000 3.323400 
5.000000 2.400323 
5.000000 3.323400 
5.000000 4.246477 
4.400000 3.323400 
5.000000 3.323400 
8.000000 0.400000 
7.779790 0.400000 
7.519790 0.000000 
8.000000 0.000000 
8.000000 0.400000 
6.019790 0.400000 
5.759790 0.000000 
6.560210 0.000000 
6.300210 0.400000 
6.019790 0.400000 
6.300210 0.400000 
6.560210 0.000000 
7.519790 0.000000 
7.779790 0.400000 
6.300210 0.400000 
3.999790 0.000000 
4.800210 0.000000 
4.400000 0.615708 
3.999790 0.000000 
-8.800000 -0.738138 
-7.040000 -0.738138 
-5.280000 -0.738138 
-3.520000 -0.738138 
-1.760000 -0.738138 
0.000000 -0.738138 
1.760000 -0.738138 
3.520000 -0.738138 
5.280000 -0.738138 
7.040000 -0.738138 
8.800000 -0.738138 
-7.920000 0.615708 
-6.160000 0.615708 
-4.400000 0.615708 
-2.640000 0.615708 
-0.880000 0.615708 
0.880000 0.615708 
2.640000 0.615708 
4.400000 0.615708 
6.160000 0.615708 
7.920000 0.615708 
-5.280000 1.969554 
-3.520000 1.969554 
3.520000 1.969554 
5.280000 1.969554 
-6.160000 3.323400 
-4.400000 3.323400 
-4.400000 3.323400 
-2.640000 3.323400 
-2.640000 3.323400 
2.640000 3.323400 
2.640000 3.323400 
4.400000 3.323400 
4.400000 3.323400 
6.160000 3.323400 
-5.280000 4.677246 
-5.280000 4.677246 
-3.520000 4.677246 
-3.520000 4.677246 
-1.760000 4.677246 
0.000000 4.677246 
1.760000 4.677246 
3.520000 4.677246 
3.520000 4.677246 
5.280000 4.677246 
5.280000 4.677246 
-4.400000 6.031092 
-2.640000 6.031092 
-0.880000 6.031092 
0.880000 6.031092 
2.640000 6.031092 
4.400000 6.031092 
-3.520000 7.384938 
-1.760000 7.384938 
0.000000 7.384938 
1.760000 7.384938 
3.520000 7.384938 
1 2 12 
2 3 13 
3 4 14 
4 5 15 
5 6 16 
6 7 17 
7 8 18 
8 9 19 
9 10 20 
10 11 21 
12 2 13 
13 3 14 
14 4 15 
15 5 16 
16 6 17 
17 7 18 
18 8 19 
19 9 20 
20 10 21 
13 14 22 
14 15 23 
18 19 24 
19 20 25 
22 14 23 
24 19 25 
22 23 27 
24 25 33 
26 22 27 
27 23 29 
31 24 33 
33 25 35 
26 27 36 
28 30 38 
27 29 39 
32 34 43 
31 33 44 
33 35 45 
37 28 38 
36 27 39 
38 30 40 
42 32 43 
44 33 45 
43 34 46 
37 38 47 
36 27 39 
38 40 48 
40 41 49 
41 42 50 
42 43 51 
44 33 45 
43 46 52 
47 38 48 
48 40 49 
49 41 50 
50 42 51 
51 43 52 
47 48 53 
48 49 54 
49 50 55 
50 51 56 
51 52 57 
53 48 54 
54 49 55 
55 50 56 
56 51 57 
1 44 
46 121 
6 1 
1 1 
26 1 
20 1 
18 1 
15 2 
95 2 
92 1 
85 1 
81 1 
104 1 
110 1 
102 1 
97 1 
98 1 
120 1 
116 1 
112 1 
131 1 
127 1 
122 1 
123 1 
145 1 
141 1 
137 1 
133 1 
150 1 
147 2 
64 2 
61 1 
73 1 
77 1 
53 1 
54 1 
49 1 
56 1 
47 1 
44 1 
42 1 
38 1 
31 1 
28 1 
33 1 
5 1 
6 1 
13 2 
8 2 
292 2 
288 2 
284 2 
278 2 
272 2 
253 2 
248 2 
268 2 
263 2 
258 2 
164 2 
165 2 
209 2 
204 2 
199 2 
192 2 
193 2 
236 2 
218 2 
223 2 
240 2 
244 2 
71 2 
66 2 
155 2 
152 2 
153 2 
68 2 
234 2 
230 2 
226 2 
220 2 
214 2 
182 2 
183 2 
176 2 
171 2 
159 2 
160 2 
157 2 
169 2 
174 2 
179 2 
186 2 
190 2 
197 2 
202 2 
207 2 
167 2 
162 2 
256 2 
261 2 
266 2 
250 2 
328 2 
297 2 
319 2 
324 2 
315 2 
316 2 
313 2 
326 2 
321 2 
299 2 
294 2 
301 2 
276 2 
281 2 
305 2 
309 2 
11 2 
89 2 
90 2 
87 2 
13 2 
