259 10 1 0 
1249 269 18 498 
4.100000 -1.400000 13.000000 
4.300000 -1.400000 14.000000 
4.500000 -1.400000 15.000000 
4.700000 -1.400000 16.000000 
4.900000 -1.400000 5.000000 
-4.100000 -1.400000 8.000000 
-4.300000 -1.400000 9.000000 
-4.500000 -1.400000 10.000000 
-4.700000 -1.400000 11.000000 
-4.900000 -1.400000 1.000000 
0.000000 2.500000 230.000000 
377 381 1 
399 401 1 
331 333 0 
131 133 1 
177 181 1 
199 201 1 
403 405 1 
345 349 0 
383 386 1 
388 391 1 
393 397 1 
515 517 1 
145 149 1 
183 186 1 
188 191 1 
193 197 1 
315 317 1 
203 205 1 
407 409 1 
351 354 0 
444 447 1 
467 470 1 
491 494 1 
519 521 1 
151 154 1 
244 247 1 
267 270 1 
291 294 1 
319 321 1 
207 209 1 
411 415 1 
481 483 1 
496 499 1 
356 359 0 
449 451 1 
156 159 1 
249 251 1 
211 215 1 
272 274 1 
296 299 1 
417 421 1 
477 479 1 
501 504 1 
361 364 0 
453 455 1 
161 164 1 
253 255 1 
217 221 1 
276 278 1 
301 304 1 
423 425 1 
366 369 0 
457 460 1 
472 475 1 
506 509 1 
523 525 1 
166 169 1 
257 260 1 
280 283 1 
306 309 1 
323 325 1 
223 225 1 
427 429 1 
371 375 0 
431 437 2 
439 442 1 
462 465 1 
485 489 1 
527 529 1 
596 598 2 
531 534 2 
605 607 2 
541 544 2 
614 616 2 
551 554 2 
623 625 2 
561 564 2 
632 634 2 
571 574 2 
641 643 2 
581 584 2 
650 652 2 
591 594 2 
659 661 2 
171 175 1 
231 234 1 
236 242 2 
262 265 1 
285 289 1 
327 329 1 
668 670 2 
227 229 1 
66 70 1 
72 76 2 
78 81 2 
511 513 1 
335 339 2 
341 343 0 
600 603 2 
536 539 2 
609 612 2 
546 549 2 
618 621 2 
556 559 2 
627 630 2 
566 569 2 
636 639 2 
576 579 2 
645 648 2 
586 589 2 
654 657 2 
135 137 1 
139 143 2 
663 666 2 
1 5 2 
7 11 1 
13 16 2 
311 313 1 
83 85 2 
87 90 2 
92 95 2 
97 100 2 
102 106 2 
1003 1005 2 
672 675 2 
753 756 2 
838 841 2 
923 926 2 
1012 1014 2 
681 684 2 
763 766 2 
848 851 2 
933 936 2 
1021 1023 2 
690 693 2 
773 776 2 
858 861 2 
943 946 2 
1030 1032 2 
699 702 2 
783 786 2 
868 871 2 
953 956 2 
1039 1041 2 
708 711 2 
793 796 2 
878 881 2 
963 966 2 
1048 1050 2 
717 720 2 
803 806 2 
888 891 2 
973 976 2 
1057 1059 2 
726 729 2 
813 816 2 
898 901 2 
983 986 2 
1066 1068 2 
735 738 2 
823 826 2 
908 911 2 
993 996 2 
1075 1077 2 
18 21 2 
23 25 2 
27 30 2 
32 35 2 
37 41 2 
1084 1086 2 
108 110 2 
112 115 2 
677 679 2 
748 751 2 
833 836 2 
918 921 2 
1007 1010 2 
686 688 2 
758 761 2 
843 846 2 
928 931 2 
1016 1019 2 
695 697 2 
768 771 2 
853 856 2 
938 941 2 
1025 1028 2 
704 706 2 
778 781 2 
863 866 2 
948 951 2 
1034 1037 2 
713 715 2 
788 791 2 
873 876 2 
958 961 2 
1043 1046 2 
722 724 2 
798 801 2 
883 886 2 
968 971 2 
1052 1055 2 
731 733 2 
808 811 2 
893 896 2 
978 981 2 
1061 1064 2 
740 742 2 
818 821 2 
903 906 2 
988 991 2 
1070 1073 2 
744 746 2 
828 831 2 
913 916 2 
998 1001 2 
1079 1082 2 
43 46 2 
48 50 2 
127 129 2 
1088 1091 2 
1093 1096 2 
1107 1110 2 
1112 1115 2 
1126 1129 2 
1131 1134 2 
1145 1148 2 
1150 1153 2 
1164 1167 2 
1169 1172 2 
1183 1186 2 
1188 1191 2 
1202 1205 2 
1207 1210 2 
1221 1224 2 
1226 1229 2 
1240 1243 2 
1245 1248 2 
62 64 2 
117 120 2 
122 125 2 
1098 1100 2 
1102 1105 2 
1117 1119 2 
1121 1124 2 
1136 1138 2 
1140 1143 2 
1155 1157 2 
1159 1162 2 
1174 1176 2 
1178 1181 2 
1193 1195 2 
1197 1200 2 
1212 1214 2 
1216 1219 2 
1231 1233 2 
1235 1238 2 
52 55 2 
57 60 2 
5.000000 1.000000 
5.000000 1.200000 
4.529412 1.200000 
4.658824 1.000000 
4.800000 1.000000 
5.000000 1.000000 
5.000000 1.000000 
4.800000 1.000000 
4.800000 0.781818 
4.950000 0.550000 
5.000000 0.626923 
5.000000 1.000000 
5.000000 1.200000 
5.000000 1.397902 
4.400000 1.400000 
4.529412 1.200000 
5.000000 1.200000 
5.000000 1.400000 
5.000000 1.600000 
4.530594 1.600000 
4.400000 1.400000 
5.000000 1.400000 
5.000000 1.400000 
4.400000 1.400000 
5.000000 1.397902 
5.000000 1.400000 
5.000000 1.600000 
5.000000 1.800000 
4.661187 1.800000 
4.530594 1.600000 
5.000000 1.600000 
5.000000 1.800000 
5.000000 2.000000 
4.791781 2.000000 
4.661187 1.800000 
5.000000 1.800000 
5.000000 2.000000 
5.000000 2.165385 
4.977500 2.200000 
4.922374 2.200000 
4.791781 2.000000 
5.000000 2.000000 
5.000000 2.200000 
5.000000 2.242308 
4.950000 2.242308 
4.977500 2.200000 
5.000000 2.200000 
5.000000 2.200000 
4.977500 2.200000 
5.000000 2.165385 
5.000000 2.200000 
5.000000 2.400000 
5.000000 2.600000 
4.717500 2.600000 
4.847500 2.400000 
5.000000 2.400000 
5.000000 2.400000 
4.847500 2.400000 
4.950000 2.242308 
5.000000 2.319231 
5.000000 2.400000 
5.000000 2.242308 
5.000000 2.319231 
4.950000 2.242308 
5.000000 2.242308 
-5.000000 1.000000 
-5.000000 0.626923 
-4.950000 0.550000 
-4.800000 0.781818 
-4.800000 1.000000 
-5.000000 1.000000 
-5.000000 1.000000 
-4.800000 1.000000 
-4.658824 1.000000 
-4.529412 1.200000 
-5.000000 1.200000 
-5.000000 1.000000 
-5.000000 1.200000 
-4.529412 1.200000 
-4.400000 1.400000 
-5.000000 1.397902 
-5.000000 1.200000 
-5.000000 1.400000 
-5.000000 1.397902 
-4.400000 1.400000 
-5.000000 1.400000 
-5.000000 1.400000 
-4.400000 1.400000 
-4.530594 1.600000 
-5.000000 1.600000 
-5.000000 1.400000 
-5.000000 1.600000 
-4.530594 1.600000 
-4.661187 1.800000 
-5.000000 1.800000 
-5.000000 1.600000 
-5.000000 1.800000 
-4.661187 1.800000 
-4.791781 2.000000 
-5.000000 2.000000 
-5.000000 1.800000 
-5.000000 2.000000 
-4.791781 2.000000 
-4.922374 2.200000 
-4.977500 2.200000 
-5.000000 2.165385 
-5.000000 2.000000 
-5.000000 2.200000 
-5.000000 2.165385 
-4.977500 2.200000 
-5.000000 2.200000 
-5.000000 2.200000 
-4.977500 2.200000 
-4.950000 2.242308 
-5.000000 2.242308 
-5.000000 2.200000 
-5.000000 2.400000 
-4.847500 2.400000 
-4.717500 2.600000 
-5.000000 2.600000 
-5.000000 2.400000 
-5.000000 2.400000 
-5.000000 2.319231 
-4.950000 2.242308 
-4.847500 2.400000 
-5.000000 2.400000 
-5.000000 2.242308 
-4.950000 2.242308 
-5.000000 2.319231 
-5.000000 2.242308 
4.000000 -1.500000 
4.082500 -1.500000 
4.000000 -1.373077 
4.000000 -1.500000 
4.000000 1.000000 
4.000000 0.781818 
4.141176 1.000000 
4.000000 1.000000 
4.000000 1.000000 
4.141176 1.000000 
4.270588 1.200000 
3.429412 1.200000 
3.558824 1.000000 
4.000000 1.000000 
4.000000 -1.373077 
4.082500 -1.500000 
4.200000 -1.500000 
4.200000 -1.142308 
4.000000 -1.142308 
4.000000 -1.373077 
4.000000 -1.142308 
4.200000 -1.142308 
4.200000 -0.603846 
4.000000 -0.911538 
4.000000 -1.142308 
4.000000 -0.911538 
4.200000 -0.603846 
4.200000 -0.296154 
4.000000 -0.296154 
4.000000 -0.911538 
4.000000 -0.296154 
4.200000 -0.296154 
4.200000 0.011538 
4.000000 0.319231 
4.000000 -0.296154 
4.000000 0.319231 
4.200000 0.011538 
4.200000 0.550000 
4.000000 0.550000 
4.000000 0.319231 
4.000000 0.550000 
4.200000 0.550000 
4.200000 1.000000 
4.141176 1.000000 
4.000000 0.781818 
4.000000 0.550000 
5.000000 -1.500000 
5.000000 -1.219231 
4.950000 -1.142308 
4.800000 -1.373077 
4.800000 -1.500000 
5.000000 -1.500000 
4.200000 -1.500000 
4.400000 -1.500000 
4.400000 -1.142308 
4.200000 -1.142308 
4.200000 -1.500000 
4.400000 -1.500000 
4.600000 -1.500000 
4.600000 -1.142308 
4.400000 -1.142308 
4.400000 -1.500000 
4.600000 -1.500000 
4.717500 -1.500000 
4.800000 -1.373077 
4.800000 -1.142308 
4.600000 -1.142308 
4.600000 -1.500000 
4.800000 -1.500000 
4.800000 -1.373077 
4.717500 -1.500000 
4.800000 -1.500000 
5.000000 -1.219231 
5.000000 -1.142308 
4.950000 -1.142308 
5.000000 -1.219231 
5.000000 -1.142308 
5.000000 -1.065385 
4.950000 -1.142308 
5.000000 -1.142308 
5.000000 -1.065385 
5.000000 -0.296154 
4.800000 -0.296154 
4.800000 -0.911538 
4.950000 -1.142308 
5.000000 -1.065385 
5.000000 -0.296154 
5.000000 0.473077 
4.950000 0.550000 
4.800000 0.319231 
4.800000 -0.296154 
5.000000 -0.296154 
5.000000 0.473077 
5.000000 0.550000 
4.950000 0.550000 
5.000000 0.473077 
5.000000 0.550000 
5.000000 0.626923 
4.950000 0.550000 
5.000000 0.550000 
4.200000 1.000000 
4.200000 0.550000 
4.400000 0.550000 
4.400000 1.000000 
4.200000 1.000000 
4.200000 1.000000 
4.400000 1.000000 
4.600000 1.000000 
4.658824 1.000000 
4.529412 1.200000 
4.270588 1.200000 
4.141176 1.000000 
4.200000 1.000000 
4.200000 -1.142308 
4.400000 -1.142308 
4.400000 -0.296154 
4.200000 -0.603846 
4.200000 -1.142308 
4.200000 -0.603846 
4.400000 -0.296154 
4.200000 -0.296154 
4.200000 -0.603846 
4.200000 -0.296154 
4.400000 -0.296154 
4.200000 0.011538 
4.200000 -0.296154 
4.200000 0.011538 
4.400000 -0.296154 
4.400000 0.550000 
4.200000 0.550000 
4.200000 0.011538 
4.400000 1.000000 
4.400000 0.550000 
4.600000 0.550000 
4.600000 1.000000 
4.400000 1.000000 
4.400000 -1.142308 
4.600000 -1.142308 
4.600000 -0.603846 
4.400000 -0.296154 
4.400000 -1.142308 
4.400000 -0.296154 
4.600000 -0.603846 
4.600000 -0.296154 
4.400000 -0.296154 
4.400000 -0.296154 
4.600000 -0.296154 
4.600000 0.011538 
4.400000 -0.296154 
4.400000 -0.296154 
4.600000 0.011538 
4.600000 0.550000 
4.400000 0.550000 
4.400000 -0.296154 
4.600000 1.000000 
4.600000 0.550000 
4.800000 0.550000 
4.800000 0.781818 
4.658824 1.000000 
4.600000 1.000000 
4.600000 -1.142308 
4.800000 -1.142308 
4.800000 -0.911538 
4.600000 -0.603846 
4.600000 -1.142308 
4.600000 -0.603846 
4.800000 -0.911538 
4.800000 -0.296154 
4.600000 -0.296154 
4.600000 -0.603846 
4.600000 -0.296154 
4.800000 -0.296154 
4.800000 0.319231 
4.600000 0.011538 
4.600000 -0.296154 
4.600000 0.011538 
4.800000 0.319231 
4.800000 0.550000 
4.600000 0.550000 
4.600000 0.011538 
4.800000 1.000000 
4.658824 1.000000 
4.800000 0.781818 
4.800000 1.000000 
4.800000 -1.373077 
4.950000 -1.142308 
4.800000 -1.142308 
4.800000 -1.373077 
4.800000 -1.142308 
4.950000 -1.142308 
4.800000 -0.911538 
4.800000 -1.142308 
4.800000 0.319231 
4.950000 0.550000 
4.800000 0.550000 
4.800000 0.319231 
4.800000 0.550000 
4.950000 0.550000 
4.800000 0.781818 
4.800000 0.550000 
-4.000000 -1.500000 
-4.000000 -1.373077 
-4.082500 -1.500000 
-4.000000 -1.500000 
-4.000000 1.000000 
-3.558824 1.000000 
-3.429412 1.200000 
-4.270588 1.200000 
-4.141176 1.000000 
-4.000000 1.000000 
-4.000000 1.000000 
-4.141176 1.000000 
-4.000000 0.781818 
-4.000000 1.000000 
-4.000000 -1.373077 
-4.000000 -1.142308 
-4.200000 -1.142308 
-4.200000 -1.500000 
-4.082500 -1.500000 
-4.000000 -1.373077 
-4.000000 -1.142308 
-4.000000 -0.911538 
-4.200000 -0.603846 
-4.200000 -1.142308 
-4.000000 -1.142308 
-4.000000 -0.911538 
-4.000000 -0.296154 
-4.200000 -0.296154 
-4.200000 -0.603846 
-4.000000 -0.911538 
-4.000000 -0.296154 
-4.000000 0.319231 
-4.200000 0.011538 
-4.200000 -0.296154 
-4.000000 -0.296154 
-4.000000 0.319231 
-4.000000 0.550000 
-4.200000 0.550000 
-4.200000 0.011538 
-4.000000 0.319231 
-4.000000 0.550000 
-4.000000 0.781818 
-4.141176 1.000000 
-4.200000 1.000000 
-4.200000 0.550000 
-4.000000 0.550000 
-5.000000 -1.500000 
-4.800000 -1.500000 
-4.800000 -1.373077 
-4.950000 -1.142308 
-5.000000 -1.219231 
-5.000000 -1.500000 
-4.200000 -1.500000 
-4.200000 -1.142308 
-4.400000 -1.142308 
-4.400000 -1.500000 
-4.200000 -1.500000 
-4.400000 -1.500000 
-4.400000 -1.142308 
-4.600000 -1.142308 
-4.600000 -1.500000 
-4.400000 -1.500000 
-4.600000 -1.500000 
-4.600000 -1.142308 
-4.800000 -1.142308 
-4.800000 -1.373077 
-4.717500 -1.500000 
-4.600000 -1.500000 
-4.800000 -1.500000 
-4.717500 -1.500000 
-4.800000 -1.373077 
-4.800000 -1.500000 
-5.000000 -1.219231 
-4.950000 -1.142308 
-5.000000 -1.142308 
-5.000000 -1.219231 
-5.000000 -1.142308 
-4.950000 -1.142308 
-5.000000 -1.065385 
-5.000000 -1.142308 
-5.000000 -1.065385 
-4.950000 -1.142308 
-4.800000 -0.911538 
-4.800000 -0.296154 
-5.000000 -0.296154 
-5.000000 -1.065385 
-5.000000 -0.296154 
-4.800000 -0.296154 
-4.800000 0.319231 
-4.950000 0.550000 
-5.000000 0.473077 
-5.000000 -0.296154 
-5.000000 0.473077 
-4.950000 0.550000 
-5.000000 0.550000 
-5.000000 0.473077 
-5.000000 0.550000 
-4.950000 0.550000 
-5.000000 0.626923 
-5.000000 0.550000 
-4.200000 1.000000 
-4.141176 1.000000 
-4.270588 1.200000 
-4.529412 1.200000 
-4.658824 1.000000 
-4.600000 1.000000 
-4.400000 1.000000 
-4.200000 1.000000 
-4.200000 1.000000 
-4.400000 1.000000 
-4.400000 0.550000 
-4.200000 0.550000 
-4.200000 1.000000 
-4.200000 -1.142308 
-4.200000 -0.603846 
-4.400000 -0.296154 
-4.400000 -1.142308 
-4.200000 -1.142308 
-4.200000 -0.603846 
-4.200000 -0.296154 
-4.400000 -0.296154 
-4.200000 -0.603846 
-4.200000 -0.296154 
-4.200000 0.011538 
-4.400000 -0.296154 
-4.200000 -0.296154 
-4.200000 0.011538 
-4.200000 0.550000 
-4.400000 0.550000 
-4.400000 -0.296154 
-4.200000 0.011538 
-4.400000 1.000000 
-4.600000 1.000000 
-4.600000 0.550000 
-4.400000 0.550000 
-4.400000 1.000000 
-4.400000 -1.142308 
-4.400000 -0.296154 
-4.600000 -0.603846 
-4.600000 -1.142308 
-4.400000 -1.142308 
-4.400000 -0.296154 
-4.400000 0.550000 
-4.600000 0.550000 
-4.600000 0.011538 
-4.400000 -0.296154 
-4.400000 -0.296154 
-4.600000 0.011538 
-4.600000 -0.296154 
-4.400000 -0.296154 
-4.400000 -0.296154 
-4.600000 -0.296154 
-4.600000 -0.603846 
-4.400000 -0.296154 
-4.600000 1.000000 
-4.658824 1.000000 
-4.800000 0.781818 
-4.800000 0.550000 
-4.600000 0.550000 
-4.600000 1.000000 
-4.600000 -1.142308 
-4.600000 -0.603846 
-4.800000 -0.911538 
-4.800000 -1.142308 
-4.600000 -1.142308 
-4.600000 -0.603846 
-4.600000 -0.296154 
-4.800000 -0.296154 
-4.800000 -0.911538 
-4.600000 -0.603846 
-4.600000 -0.296154 
-4.600000 0.011538 
-4.800000 0.319231 
-4.800000 -0.296154 
-4.600000 -0.296154 
-4.600000 0.011538 
-4.600000 0.550000 
-4.800000 0.550000 
-4.800000 0.319231 
-4.600000 0.011538 
-4.800000 1.000000 
-4.800000 0.781818 
-4.658824 1.000000 
-4.800000 1.000000 
-4.800000 -1.373077 
-4.800000 -1.142308 
-4.950000 -1.142308 
-4.800000 -1.373077 
-4.800000 -1.142308 
-4.800000 -0.911538 
-4.950000 -1.142308 
-4.800000 -1.142308 
-4.800000 0.319231 
-4.800000 0.550000 
-4.950000 0.550000 
-4.800000 0.319231 
-4.800000 0.550000 
-4.800000 0.781818 
-4.950000 0.550000 
-4.800000 0.550000 
-3.558824 1.000000 
-3.041176 1.000000 
-3.170588 1.200000 
-3.429412 1.200000 
-3.558824 1.000000 
-3.041176 1.000000 
-2.458824 1.000000 
-2.329412 1.200000 
-3.170588 1.200000 
-3.041176 1.000000 
-2.458824 1.000000 
-1.941176 1.000000 
-2.070588 1.200000 
-2.329412 1.200000 
-2.458824 1.000000 
-1.941176 1.000000 
-1.358824 1.000000 
-1.229412 1.200000 
-2.070588 1.200000 
-1.941176 1.000000 
-1.358824 1.000000 
-0.841176 1.000000 
-0.970588 1.200000 
-1.229412 1.200000 
-1.358824 1.000000 
-0.841176 1.000000 
-0.258824 1.000000 
-0.129412 1.200000 
-0.970588 1.200000 
-0.841176 1.000000 
-0.258824 1.000000 
0.258824 1.000000 
0.129412 1.200000 
-0.129412 1.200000 
-0.258824 1.000000 
0.258824 1.000000 
0.841176 1.000000 
0.970588 1.200000 
0.129412 1.200000 
0.258824 1.000000 
0.841176 1.000000 
1.358824 1.000000 
1.229412 1.200000 
0.970588 1.200000 
0.841176 1.000000 
1.358824 1.000000 
1.941176 1.000000 
2.070588 1.200000 
1.229412 1.200000 
1.358824 1.000000 
1.941176 1.000000 
2.458824 1.000000 
2.329412 1.200000 
2.070588 1.200000 
1.941176 1.000000 
2.458824 1.000000 
3.041176 1.000000 
3.170588 1.200000 
2.329412 1.200000 
2.458824 1.000000 
3.041176 1.000000 
3.558824 1.000000 
3.429412 1.200000 
3.170588 1.200000 
3.041176 1.000000 
-4.529412 1.200000 
-4.270588 1.200000 
-4.400000 1.400000 
-4.529412 1.200000 
-4.270588 1.200000 
-3.429412 1.200000 
-3.300000 1.400000 
-4.400000 1.400000 
-4.270588 1.200000 
-3.429412 1.200000 
-3.170588 1.200000 
-3.300000 1.400000 
-3.429412 1.200000 
-3.170588 1.200000 
-2.329412 1.200000 
-2.200000 1.400000 
-3.300000 1.400000 
-3.170588 1.200000 
-2.329412 1.200000 
-2.070588 1.200000 
-2.200000 1.400000 
-2.329412 1.200000 
-2.070588 1.200000 
-1.229412 1.200000 
-1.100000 1.400000 
-2.200000 1.400000 
-2.070588 1.200000 
-1.229412 1.200000 
-0.970588 1.200000 
-1.100000 1.400000 
-1.229412 1.200000 
-0.970588 1.200000 
-0.129412 1.200000 
0.000000 1.400000 
-1.100000 1.400000 
-0.970588 1.200000 
-0.129412 1.200000 
0.129412 1.200000 
0.000000 1.400000 
-0.129412 1.200000 
0.129412 1.200000 
0.970588 1.200000 
1.100000 1.400000 
0.000000 1.400000 
0.129412 1.200000 
0.970588 1.200000 
1.229412 1.200000 
1.100000 1.400000 
0.970588 1.200000 
1.229412 1.200000 
2.070588 1.200000 
2.200000 1.400000 
1.100000 1.400000 
1.229412 1.200000 
2.070588 1.200000 
2.329412 1.200000 
2.200000 1.400000 
2.070588 1.200000 
2.329412 1.200000 
3.170588 1.200000 
3.300000 1.400000 
2.200000 1.400000 
2.329412 1.200000 
3.170588 1.200000 
3.429412 1.200000 
3.300000 1.400000 
3.170588 1.200000 
3.429412 1.200000 
4.270588 1.200000 
4.400000 1.400000 
3.300000 1.400000 
3.429412 1.200000 
4.270588 1.200000 
4.529412 1.200000 
4.400000 1.400000 
4.270588 1.200000 
-4.400000 1.400000 
-3.300000 1.400000 
-3.430594 1.600000 
-4.269406 1.600000 
-4.400000 1.400000 
-4.400000 1.400000 
-4.269406 1.600000 
-4.530594 1.600000 
-4.400000 1.400000 
-3.300000 1.400000 
-2.200000 1.400000 
-2.330594 1.600000 
-3.169406 1.600000 
-3.300000 1.400000 
-3.300000 1.400000 
-3.169406 1.600000 
-3.430594 1.600000 
-3.300000 1.400000 
-2.200000 1.400000 
-1.100000 1.400000 
-1.230594 1.600000 
-2.069406 1.600000 
-2.200000 1.400000 
-2.200000 1.400000 
-2.069406 1.600000 
-2.330594 1.600000 
-2.200000 1.400000 
-1.100000 1.400000 
0.000000 1.400000 
-0.130594 1.600000 
-0.969406 1.600000 
-1.100000 1.400000 
-1.100000 1.400000 
-0.969406 1.600000 
-1.230594 1.600000 
-1.100000 1.400000 
0.000000 1.400000 
1.100000 1.400000 
0.969406 1.600000 
0.130594 1.600000 
0.000000 1.400000 
0.000000 1.400000 
0.130594 1.600000 
-0.130594 1.600000 
0.000000 1.400000 
1.100000 1.400000 
2.200000 1.400000 
2.069406 1.600000 
1.230594 1.600000 
1.100000 1.400000 
1.100000 1.400000 
1.230594 1.600000 
0.969406 1.600000 
1.100000 1.400000 
2.200000 1.400000 
3.300000 1.400000 
3.169406 1.600000 
2.330594 1.600000 
2.200000 1.400000 
2.200000 1.400000 
2.330594 1.600000 
2.069406 1.600000 
2.200000 1.400000 
3.300000 1.400000 
4.400000 1.400000 
4.269406 1.600000 
3.430594 1.600000 
3.300000 1.400000 
3.300000 1.400000 
3.430594 1.600000 
3.169406 1.600000 
3.300000 1.400000 
4.400000 1.400000 
4.530594 1.600000 
4.269406 1.600000 
4.400000 1.400000 
-4.530594 1.600000 
-4.269406 1.600000 
-4.138813 1.800000 
-4.661187 1.800000 
-4.530594 1.600000 
-4.269406 1.600000 
-3.430594 1.600000 
-3.561187 1.800000 
-4.138813 1.800000 
-4.269406 1.600000 
-3.430594 1.600000 
-3.169406 1.600000 
-3.038813 1.800000 
-3.561187 1.800000 
-3.430594 1.600000 
-3.169406 1.600000 
-2.330594 1.600000 
-2.461187 1.800000 
-3.038813 1.800000 
-3.169406 1.600000 
-2.330594 1.600000 
-2.069406 1.600000 
-1.938813 1.800000 
-2.461187 1.800000 
-2.330594 1.600000 
-2.069406 1.600000 
-1.230594 1.600000 
-1.361187 1.800000 
-1.938813 1.800000 
-2.069406 1.600000 
-1.230594 1.600000 
-0.969406 1.600000 
-0.838813 1.800000 
-1.361187 1.800000 
-1.230594 1.600000 
-0.969406 1.600000 
-0.130594 1.600000 
-0.261187 1.800000 
-0.838813 1.800000 
-0.969406 1.600000 
-0.130594 1.600000 
0.130594 1.600000 
0.261187 1.800000 
-0.261187 1.800000 
-0.130594 1.600000 
0.130594 1.600000 
0.969406 1.600000 
0.838813 1.800000 
0.261187 1.800000 
0.130594 1.600000 
0.969406 1.600000 
1.230594 1.600000 
1.361187 1.800000 
0.838813 1.800000 
0.969406 1.600000 
1.230594 1.600000 
2.069406 1.600000 
1.938813 1.800000 
1.361187 1.800000 
1.230594 1.600000 
2.069406 1.600000 
2.330594 1.600000 
2.461187 1.800000 
1.938813 1.800000 
2.069406 1.600000 
2.330594 1.600000 
3.169406 1.600000 
3.038813 1.800000 
2.461187 1.800000 
2.330594 1.600000 
3.169406 1.600000 
3.430594 1.600000 
3.561187 1.800000 
3.038813 1.800000 
3.169406 1.600000 
3.430594 1.600000 
4.269406 1.600000 
4.138813 1.800000 
3.561187 1.800000 
3.430594 1.600000 
4.269406 1.600000 
4.530594 1.600000 
4.661187 1.800000 
4.138813 1.800000 
4.269406 1.600000 
-4.661187 1.800000 
-4.138813 1.800000 
-4.008219 2.000000 
-4.791781 2.000000 
-4.661187 1.800000 
-4.138813 1.800000 
-3.561187 1.800000 
-3.691781 2.000000 
-4.008219 2.000000 
-4.138813 1.800000 
-3.561187 1.800000 
-3.038813 1.800000 
-2.908219 2.000000 
-3.691781 2.000000 
-3.561187 1.800000 
-3.038813 1.800000 
-2.461187 1.800000 
-2.591781 2.000000 
-2.908219 2.000000 
-3.038813 1.800000 
-2.461187 1.800000 
-1.938813 1.800000 
-1.808219 2.000000 
-2.591781 2.000000 
-2.461187 1.800000 
-1.938813 1.800000 
-1.361187 1.800000 
-1.491781 2.000000 
-1.808219 2.000000 
-1.938813 1.800000 
-1.361187 1.800000 
-0.838813 1.800000 
-0.708219 2.000000 
-1.491781 2.000000 
-1.361187 1.800000 
-0.838813 1.800000 
-0.261187 1.800000 
-0.391781 2.000000 
-0.708219 2.000000 
-0.838813 1.800000 
-0.261187 1.800000 
0.261187 1.800000 
0.391781 2.000000 
-0.391781 2.000000 
-0.261187 1.800000 
0.261187 1.800000 
0.838813 1.800000 
0.708219 2.000000 
0.391781 2.000000 
0.261187 1.800000 
0.838813 1.800000 
1.361187 1.800000 
1.491781 2.000000 
0.708219 2.000000 
0.838813 1.800000 
1.361187 1.800000 
1.938813 1.800000 
1.808219 2.000000 
1.491781 2.000000 
1.361187 1.800000 
1.938813 1.800000 
2.461187 1.800000 
2.591781 2.000000 
1.808219 2.000000 
1.938813 1.800000 
2.461187 1.800000 
3.038813 1.800000 
2.908219 2.000000 
2.591781 2.000000 
2.461187 1.800000 
3.038813 1.800000 
3.561187 1.800000 
3.691781 2.000000 
2.908219 2.000000 
3.038813 1.800000 
3.561187 1.800000 
4.138813 1.800000 
4.008219 2.000000 
3.691781 2.000000 
3.561187 1.800000 
4.138813 1.800000 
4.661187 1.800000 
4.791781 2.000000 
4.008219 2.000000 
4.138813 1.800000 
-4.791781 2.000000 
-4.008219 2.000000 
-3.877626 2.200000 
-4.922374 2.200000 
-4.791781 2.000000 
-4.008219 2.000000 
-3.691781 2.000000 
-3.822374 2.200000 
-3.877626 2.200000 
-4.008219 2.000000 
-3.691781 2.000000 
-2.908219 2.000000 
-2.777626 2.200000 
-3.822374 2.200000 
-3.691781 2.000000 
-2.908219 2.000000 
-2.591781 2.000000 
-2.722374 2.200000 
-2.777626 2.200000 
-2.908219 2.000000 
-2.591781 2.000000 
-1.808219 2.000000 
-1.677626 2.200000 
-2.722374 2.200000 
-2.591781 2.000000 
-1.808219 2.000000 
-1.491781 2.000000 
-1.622374 2.200000 
-1.677626 2.200000 
-1.808219 2.000000 
-1.491781 2.000000 
-0.708219 2.000000 
-0.577626 2.200000 
-1.622374 2.200000 
-1.491781 2.000000 
-0.708219 2.000000 
-0.391781 2.000000 
-0.522374 2.200000 
-0.577626 2.200000 
-0.708219 2.000000 
-0.391781 2.000000 
0.391781 2.000000 
0.522374 2.200000 
-0.522374 2.200000 
-0.391781 2.000000 
0.391781 2.000000 
0.708219 2.000000 
0.577626 2.200000 
0.522374 2.200000 
0.391781 2.000000 
0.708219 2.000000 
1.491781 2.000000 
1.622374 2.200000 
0.577626 2.200000 
0.708219 2.000000 
1.491781 2.000000 
1.808219 2.000000 
1.677626 2.200000 
1.622374 2.200000 
1.491781 2.000000 
1.808219 2.000000 
2.591781 2.000000 
2.722374 2.200000 
1.677626 2.200000 
1.808219 2.000000 
2.591781 2.000000 
2.908219 2.000000 
2.777626 2.200000 
2.722374 2.200000 
2.591781 2.000000 
2.908219 2.000000 
3.691781 2.000000 
3.822374 2.200000 
2.777626 2.200000 
2.908219 2.000000 
3.691781 2.000000 
4.008219 2.000000 
3.877626 2.200000 
3.822374 2.200000 
3.691781 2.000000 
4.008219 2.000000 
4.791781 2.000000 
4.922374 2.200000 
3.877626 2.200000 
4.008219 2.000000 
-4.977500 2.200000 
-4.922374 2.200000 
-4.950000 2.242308 
-4.977500 2.200000 
-4.922374 2.200000 
-3.877626 2.200000 
-3.850000 2.242308 
-4.950000 2.242308 
-4.922374 2.200000 
-3.877626 2.200000 
-3.822374 2.200000 
-3.850000 2.242308 
-3.877626 2.200000 
-3.822374 2.200000 
-2.777626 2.200000 
-2.750000 2.242308 
-3.850000 2.242308 
-3.822374 2.200000 
-2.777626 2.200000 
-2.722374 2.200000 
-2.750000 2.242308 
-2.777626 2.200000 
-2.722374 2.200000 
-1.677626 2.200000 
-1.650000 2.242308 
-2.750000 2.242308 
-2.722374 2.200000 
-1.677626 2.200000 
-1.622374 2.200000 
-1.650000 2.242308 
-1.677626 2.200000 
-1.622374 2.200000 
-0.577626 2.200000 
-0.550000 2.242308 
-1.650000 2.242308 
-1.622374 2.200000 
-0.577626 2.200000 
-0.522374 2.200000 
-0.550000 2.242308 
-0.577626 2.200000 
-0.522374 2.200000 
0.522374 2.200000 
0.550000 2.242308 
-0.550000 2.242308 
-0.522374 2.200000 
0.522374 2.200000 
0.577626 2.200000 
0.550000 2.242308 
0.522374 2.200000 
0.577626 2.200000 
1.622374 2.200000 
1.650000 2.242308 
0.550000 2.242308 
0.577626 2.200000 
1.622374 2.200000 
1.677626 2.200000 
1.650000 2.242308 
1.622374 2.200000 
1.677626 2.200000 
2.722374 2.200000 
2.750000 2.242308 
1.650000 2.242308 
1.677626 2.200000 
2.722374 2.200000 
2.777626 2.200000 
2.750000 2.242308 
2.722374 2.200000 
2.777626 2.200000 
3.822374 2.200000 
3.850000 2.242308 
2.750000 2.242308 
2.777626 2.200000 
3.822374 2.200000 
3.877626 2.200000 
3.850000 2.242308 
3.822374 2.200000 
3.877626 2.200000 
4.922374 2.200000 
4.950000 2.242308 
3.850000 2.242308 
3.877626 2.200000 
4.922374 2.200000 
4.977500 2.200000 
4.950000 2.242308 
4.922374 2.200000 
-4.847500 2.400000 
-4.950000 2.242308 
-3.850000 2.242308 
-3.952500 2.400000 
-4.847500 2.400000 
-4.847500 2.400000 
-3.952500 2.400000 
-4.082500 2.600000 
-4.717500 2.600000 
-4.847500 2.400000 
-3.952500 2.400000 
-3.850000 2.242308 
-3.747500 2.400000 
-3.952500 2.400000 
-3.952500 2.400000 
-3.747500 2.400000 
-3.617500 2.600000 
-4.082500 2.600000 
-3.952500 2.400000 
-3.747500 2.400000 
-3.850000 2.242308 
-2.750000 2.242308 
-2.852500 2.400000 
-3.747500 2.400000 
-3.747500 2.400000 
-2.852500 2.400000 
-2.982500 2.600000 
-3.617500 2.600000 
-3.747500 2.400000 
-2.852500 2.400000 
-2.750000 2.242308 
-2.647500 2.400000 
-2.852500 2.400000 
-2.852500 2.400000 
-2.647500 2.400000 
-2.517500 2.600000 
-2.982500 2.600000 
-2.852500 2.400000 
-2.647500 2.400000 
-2.750000 2.242308 
-1.650000 2.242308 
-1.752500 2.400000 
-2.647500 2.400000 
-2.647500 2.400000 
-1.752500 2.400000 
-1.882500 2.600000 
-2.517500 2.600000 
-2.647500 2.400000 
-1.752500 2.400000 
-1.650000 2.242308 
-1.547500 2.400000 
-1.752500 2.400000 
-1.752500 2.400000 
-1.547500 2.400000 
-1.417500 2.600000 
-1.882500 2.600000 
-1.752500 2.400000 
-1.547500 2.400000 
-1.650000 2.242308 
-0.550000 2.242308 
-0.652500 2.400000 
-1.547500 2.400000 
-1.547500 2.400000 
-0.652500 2.400000 
-0.782500 2.600000 
-1.417500 2.600000 
-1.547500 2.400000 
-0.652500 2.400000 
-0.550000 2.242308 
-0.447500 2.400000 
-0.652500 2.400000 
-0.652500 2.400000 
-0.447500 2.400000 
-0.317500 2.600000 
-0.782500 2.600000 
-0.652500 2.400000 
-0.447500 2.400000 
-0.550000 2.242308 
0.550000 2.242308 
0.447500 2.400000 
-0.447500 2.400000 
-0.447500 2.400000 
0.447500 2.400000 
0.317500 2.600000 
-0.317500 2.600000 
-0.447500 2.400000 
0.447500 2.400000 
0.550000 2.242308 
0.652500 2.400000 
0.447500 2.400000 
0.447500 2.400000 
0.652500 2.400000 
0.782500 2.600000 
0.317500 2.600000 
0.447500 2.400000 
0.652500 2.400000 
0.550000 2.242308 
1.650000 2.242308 
1.547500 2.400000 
0.652500 2.400000 
0.652500 2.400000 
1.547500 2.400000 
1.417500 2.600000 
0.782500 2.600000 
0.652500 2.400000 
1.547500 2.400000 
1.650000 2.242308 
1.752500 2.400000 
1.547500 2.400000 
1.547500 2.400000 
1.752500 2.400000 
1.882500 2.600000 
1.417500 2.600000 
1.547500 2.400000 
1.752500 2.400000 
1.650000 2.242308 
2.750000 2.242308 
2.647500 2.400000 
1.752500 2.400000 
1.752500 2.400000 
2.647500 2.400000 
2.517500 2.600000 
1.882500 2.600000 
1.752500 2.400000 
2.647500 2.400000 
2.750000 2.242308 
2.852500 2.400000 
2.647500 2.400000 
2.647500 2.400000 
2.852500 2.400000 
2.982500 2.600000 
2.517500 2.600000 
2.647500 2.400000 
2.852500 2.400000 
2.750000 2.242308 
3.850000 2.242308 
3.747500 2.400000 
2.852500 2.400000 
2.852500 2.400000 
3.747500 2.400000 
3.617500 2.600000 
2.982500 2.600000 
2.852500 2.400000 
3.747500 2.400000 
3.850000 2.242308 
3.952500 2.400000 
3.747500 2.400000 
3.747500 2.400000 
3.952500 2.400000 
4.082500 2.600000 
3.617500 2.600000 
3.747500 2.400000 
3.952500 2.400000 
3.850000 2.242308 
4.950000 2.242308 
4.847500 2.400000 
3.952500 2.400000 
3.952500 2.400000 
4.847500 2.400000 
4.717500 2.600000 
4.082500 2.600000 
3.952500 2.400000 
-5.500000 -1.988462 
-4.400000 -1.988462 
-4.400000 -1.988462 
-4.400000 -1.988462 
-4.400000 -1.988462 
-4.400000 -1.988462 
4.400000 -1.988462 
4.400000 -1.988462 
4.400000 -1.988462 
4.400000 -1.988462 
4.400000 -1.988462 
5.500000 -1.988462 
-6.050000 -1.142308 
-4.950000 -1.142308 
-4.950000 -1.142308 
-4.950000 -1.142308 
-4.950000 -1.142308 
-4.950000 -1.142308 
-3.850000 -1.142308 
-3.850000 -1.142308 
-3.850000 -1.142308 
-3.850000 -1.142308 
-3.850000 -1.142308 
3.850000 -1.142308 
3.850000 -1.142308 
3.850000 -1.142308 
3.850000 -1.142308 
3.850000 -1.142308 
4.950000 -1.142308 
4.950000 -1.142308 
4.950000 -1.142308 
4.950000 -1.142308 
4.950000 -1.142308 
6.050000 -1.142308 
-5.500000 -0.296154 
-5.500000 -0.296154 
-5.500000 -0.296154 
-4.400000 -0.296154 
-4.400000 -0.296154 
-4.400000 -0.296154 
-4.400000 -0.296154 
-4.400000 -0.296154 
-3.300000 -0.296154 
-3.300000 -0.296154 
3.300000 -0.296154 
3.300000 -0.296154 
4.400000 -0.296154 
4.400000 -0.296154 
4.400000 -0.296154 
4.400000 -0.296154 
4.400000 -0.296154 
5.500000 -0.296154 
5.500000 -0.296154 
5.500000 -0.296154 
-6.050000 0.550000 
-4.950000 0.550000 
-4.950000 0.550000 
-4.950000 0.550000 
-4.950000 0.550000 
-4.950000 0.550000 
-4.950000 0.550000 
-4.950000 0.550000 
-3.850000 0.550000 
-3.850000 0.550000 
-3.850000 0.550000 
-3.850000 0.550000 
-3.850000 0.550000 
-3.850000 0.550000 
-3.850000 0.550000 
-2.750000 0.550000 
-2.750000 0.550000 
-1.650000 0.550000 
-1.650000 0.550000 
-0.550000 0.550000 
-0.550000 0.550000 
0.550000 0.550000 
0.550000 0.550000 
1.650000 0.550000 
1.650000 0.550000 
2.750000 0.550000 
2.750000 0.550000 
3.850000 0.550000 
3.850000 0.550000 
3.850000 0.550000 
3.850000 0.550000 
3.850000 0.550000 
3.850000 0.550000 
3.850000 0.550000 
4.950000 0.550000 
4.950000 0.550000 
4.950000 0.550000 
4.950000 0.550000 
4.950000 0.550000 
4.950000 0.550000 
4.950000 0.550000 
6.050000 0.550000 
-5.500000 1.396154 
-5.500000 1.396154 
-5.500000 1.396154 
-5.500000 1.396154 
-5.500000 1.396154 
-5.500000 1.396154 
-5.500000 1.396154 
-5.500000 1.396154 
-4.400000 1.400000 
-4.400000 1.400000 
-4.400000 1.400000 
-4.400000 1.400000 
-4.400000 1.400000 
-4.400000 1.400000 
-4.400000 1.400000 
-4.400000 1.400000 
-4.400000 1.400000 
-4.400000 1.400000 
-4.400000 1.400000 
-4.400000 1.400000 
-3.300000 1.400000 
-3.300000 1.400000 
-3.300000 1.400000 
-3.300000 1.400000 
-3.300000 1.400000 
-3.300000 1.400000 
-3.300000 1.400000 
-2.200000 1.400000 
-2.200000 1.400000 
-2.200000 1.400000 
-2.200000 1.400000 
-2.200000 1.400000 
-2.200000 1.400000 
-2.200000 1.400000 
-1.100000 1.400000 
-1.100000 1.400000 
-1.100000 1.400000 
-1.100000 1.400000 
-1.100000 1.400000 
-1.100000 1.400000 
-1.100000 1.400000 
0.000000 1.400000 
0.000000 1.400000 
0.000000 1.400000 
0.000000 1.400000 
0.000000 1.400000 
0.000000 1.400000 
0.000000 1.400000 
1.100000 1.400000 
1.100000 1.400000 
1.100000 1.400000 
1.100000 1.400000 
1.100000 1.400000 
1.100000 1.400000 
1.100000 1.400000 
2.200000 1.400000 
2.200000 1.400000 
2.200000 1.400000 
2.200000 1.400000 
2.200000 1.400000 
2.200000 1.400000 
2.200000 1.400000 
3.300000 1.400000 
3.300000 1.400000 
3.300000 1.400000 
3.300000 1.400000 
3.300000 1.400000 
3.300000 1.400000 
3.300000 1.400000 
4.400000 1.400000 
4.400000 1.400000 
4.400000 1.400000 
4.400000 1.400000 
4.400000 1.400000 
4.400000 1.400000 
4.400000 1.400000 
4.400000 1.400000 
4.400000 1.400000 
4.400000 1.400000 
4.400000 1.400000 
4.400000 1.400000 
5.500000 1.396154 
5.500000 1.396154 
5.500000 1.396154 
5.500000 1.396154 
5.500000 1.396154 
5.500000 1.396154 
5.500000 1.396154 
5.500000 1.396154 
-6.050000 2.242308 
-4.950000 2.242308 
-4.950000 2.242308 
-4.950000 2.242308 
-4.950000 2.242308 
-4.950000 2.242308 
-4.950000 2.242308 
-3.850000 2.242308 
-3.850000 2.242308 
-3.850000 2.242308 
-3.850000 2.242308 
-3.850000 2.242308 
-3.850000 2.242308 
-2.750000 2.242308 
-2.750000 2.242308 
-2.750000 2.242308 
-2.750000 2.242308 
-2.750000 2.242308 
-2.750000 2.242308 
-1.650000 2.242308 
-1.650000 2.242308 
-1.650000 2.242308 
-1.650000 2.242308 
-1.650000 2.242308 
-1.650000 2.242308 
-0.550000 2.242308 
-0.550000 2.242308 
-0.550000 2.242308 
-0.550000 2.242308 
-0.550000 2.242308 
-0.550000 2.242308 
0.550000 2.242308 
0.550000 2.242308 
0.550000 2.242308 
0.550000 2.242308 
0.550000 2.242308 
0.550000 2.242308 
1.650000 2.242308 
1.650000 2.242308 
1.650000 2.242308 
1.650000 2.242308 
1.650000 2.242308 
1.650000 2.242308 
2.750000 2.242308 
2.750000 2.242308 
2.750000 2.242308 
2.750000 2.242308 
2.750000 2.242308 
2.750000 2.242308 
3.850000 2.242308 
3.850000 2.242308 
3.850000 2.242308 
3.850000 2.242308 
3.850000 2.242308 
3.850000 2.242308 
4.950000 2.242308 
4.950000 2.242308 
4.950000 2.242308 
4.950000 2.242308 
4.950000 2.242308 
4.950000 2.242308 
6.050000 2.242308 
-5.500000 3.088462 
-5.500000 3.088462 
-4.400000 3.088462 
-4.400000 3.088462 
-3.300000 3.088462 
-3.300000 3.088462 
-2.200000 3.088462 
-2.200000 3.088462 
-1.100000 3.088462 
-1.100000 3.088462 
0.000000 3.088462 
0.000000 3.088462 
1.100000 3.088462 
1.100000 3.088462 
2.200000 3.088462 
2.200000 3.088462 
3.300000 3.088462 
3.300000 3.088462 
4.400000 3.088462 
4.400000 3.088462 
5.500000 3.088462 
5.500000 3.088462 
1 2 14 
15 3 22 
16 4 19 
24 7 31 
8 12 29 
27 9 30 
13 1 14 
16 4 19 
17 5 20 
18 6 21 
15 3 22 
14 2 23 
24 7 31 
25 10 32 
26 11 33 
27 9 30 
28 8 29 
29 12 34 
13 14 35 
16 19 38 
17 20 39 
18 21 40 
15 22 41 
14 23 42 
24 31 47 
25 32 48 
26 33 49 
27 30 50 
28 29 51 
29 34 52 
35 14 42 
36 18 40 
37 15 41 
38 19 43 
39 20 44 
45 24 47 
46 25 48 
51 29 52 
49 33 53 
50 30 54 
35 42 56 
36 40 57 
37 41 58 
38 43 63 
39 44 64 
45 47 82 
46 48 83 
51 52 89 
49 53 90 
50 54 91 
55 35 56 
59 38 63 
60 39 64 
57 40 65 
58 41 66 
56 42 67 
82 47 92 
83 48 93 
84 49 90 
85 50 91 
86 51 89 
89 52 96 
55 56 97 
59 63 105 
61 68 106 
60 64 107 
57 65 108 
58 66 109 
56 67 110 
62 69 111 
68 70 117 
69 71 118 
70 72 124 
71 73 125 
72 74 131 
73 75 132 
74 76 138 
75 77 139 
76 78 145 
77 79 146 
78 80 152 
79 81 153 
80 87 159 
81 88 160 
82 92 166 
83 93 167 
87 94 168 
84 90 169 
85 91 170 
86 89 171 
88 95 172 
89 96 178 
97 56 110 
98 61 106 
99 62 111 
58 66 109 
106 68 117 
59 63 105 
111 69 118 
117 70 124 
118 71 125 
124 72 131 
125 73 132 
131 74 138 
132 75 139 
138 76 145 
139 77 146 
145 78 152 
146 79 153 
152 80 159 
153 81 160 
82 92 166 
159 87 168 
160 88 172 
168 94 179 
171 89 178 
172 95 180 
85 91 170 
99 62 111 
100 112 187 
101 113 188 
102 114 189 
103 115 190 
104 116 191 
112 119 193 
113 120 194 
114 121 195 
115 122 196 
116 123 197 
119 126 199 
120 127 200 
121 128 201 
122 129 202 
123 130 203 
126 133 205 
127 134 206 
128 135 207 
129 136 208 
130 137 209 
133 140 211 
134 141 212 
135 142 213 
136 143 214 
137 144 215 
140 147 217 
141 148 218 
142 149 219 
143 150 220 
144 151 221 
147 154 223 
148 155 224 
149 156 225 
150 157 226 
151 158 227 
154 161 229 
155 162 230 
156 163 231 
157 164 232 
158 165 233 
161 173 235 
162 174 236 
163 175 237 
164 176 238 
165 177 239 
173 181 241 
172 95 180 
174 182 242 
175 183 243 
176 184 244 
177 185 245 
103 115 190 
186 104 191 
187 112 193 
188 113 194 
189 114 195 
190 115 196 
191 116 197 
193 119 199 
194 120 200 
195 121 201 
196 122 202 
197 123 203 
199 126 205 
200 127 206 
201 128 207 
202 129 208 
203 130 209 
205 133 211 
206 134 212 
207 135 213 
208 136 214 
209 137 215 
211 140 217 
212 141 218 
213 142 219 
214 143 220 
215 144 221 
217 147 223 
218 148 224 
219 149 225 
220 150 226 
221 151 227 
223 154 229 
224 155 230 
225 156 231 
226 157 232 
227 158 233 
229 161 235 
230 162 236 
231 163 237 
232 164 238 
233 165 239 
235 173 241 
236 174 242 
237 175 243 
238 176 244 
239 177 245 
245 185 247 
176 184 244 
186 191 248 
191 197 250 
192 198 251 
197 203 252 
198 204 253 
203 209 254 
204 210 255 
209 215 256 
210 216 257 
215 221 258 
216 222 259 
221 227 260 
222 228 261 
227 233 262 
228 234 263 
233 239 264 
234 240 265 
239 245 266 
240 246 267 
245 247 268 
249 192 251 
248 191 250 
250 197 252 
251 198 253 
252 203 254 
253 204 255 
254 209 256 
255 210 257 
256 215 258 
257 216 259 
258 221 260 
259 222 261 
260 227 262 
261 228 263 
262 233 264 
263 234 265 
264 239 266 
265 240 267 
267 246 269 
266 245 268 
1 50 
52 69 
71 103 
105 135 
137 176 
178 217 
219 262 
264 309 
311 350 
352 369 
371 388 
390 401 
403 414 
416 433 
435 452 
454 465 
467 478 
480 497 
5 2 
1 1 
2 2 
240 2 
141 2 
593 2 
588 2 
583 2 
578 2 
573 2 
568 2 
563 2 
558 2 
553 2 
548 2 
543 2 
538 2 
533 2 
337 2 
433 2 
75 2 
76 1 
72 2 
73 2 
435 2 
436 2 
437 2 
431 2 
339 2 
335 2 
531 2 
536 2 
541 2 
546 2 
551 2 
556 2 
561 2 
566 2 
571 2 
576 2 
581 2 
586 2 
591 2 
143 2 
139 2 
242 2 
236 2 
237 2 
238 2 
4 2 
5 2 
11 1 
7 2 
8 1 
329 1 
325 1 
220 1 
213 1 
321 1 
317 1 
180 1 
181 1 
177 1 
203 1 
207 1 
211 1 
217 1 
223 1 
227 1 
11 1 
16 2 
13 1 
25 1 
23 2 
665 2 
656 2 
647 2 
638 2 
629 2 
620 2 
611 2 
602 2 
85 2 
83 1 
81 1 
78 2 
596 2 
600 2 
605 2 
609 2 
614 2 
618 2 
623 2 
627 2 
632 2 
636 2 
641 2 
645 2 
650 2 
654 2 
659 2 
663 2 
668 2 
16 2 
21 2 
18 1 
19 2 
745 2 
737 2 
741 2 
728 2 
732 2 
719 2 
723 2 
710 2 
714 2 
701 2 
705 2 
692 2 
696 2 
683 2 
687 2 
674 2 
678 2 
89 2 
90 1 
87 2 
672 2 
681 2 
690 2 
699 2 
708 2 
717 2 
726 2 
735 2 
21 2 
30 2 
27 1 
28 2 
830 2 
825 2 
820 2 
815 2 
810 2 
805 2 
800 2 
795 2 
790 2 
785 2 
780 2 
775 2 
770 2 
765 2 
760 2 
755 2 
750 2 
94 2 
95 1 
92 2 
748 2 
753 2 
758 2 
763 2 
768 2 
773 2 
778 2 
783 2 
788 2 
793 2 
798 2 
803 2 
808 2 
813 2 
818 2 
823 2 
828 2 
30 2 
35 2 
32 1 
33 2 
915 2 
910 2 
905 2 
900 2 
895 2 
890 2 
885 2 
880 2 
875 2 
870 2 
865 2 
860 2 
855 2 
850 2 
845 2 
840 2 
835 2 
99 2 
100 1 
97 2 
833 2 
838 2 
843 2 
848 2 
853 2 
858 2 
863 2 
868 2 
873 2 
878 2 
883 2 
888 2 
893 2 
898 2 
903 2 
908 2 
913 2 
35 2 
41 2 
37 1 
50 1 
48 2 
39 2 
1000 2 
995 2 
990 2 
985 2 
980 2 
975 2 
970 2 
965 2 
960 2 
955 2 
950 2 
945 2 
940 2 
935 2 
930 2 
925 2 
920 2 
104 2 
110 2 
108 1 
106 1 
102 2 
918 2 
923 2 
928 2 
933 2 
938 2 
943 2 
948 2 
953 2 
958 2 
963 2 
968 2 
973 2 
978 2 
983 2 
988 2 
993 2 
998 2 
41 2 
46 2 
43 1 
62 1 
60 1 
57 2 
1243 2 
1233 2 
1224 2 
1214 2 
1205 2 
1195 2 
1186 2 
1176 2 
1167 2 
1157 2 
1148 2 
1138 2 
1129 2 
1119 2 
1110 2 
1100 2 
1091 2 
125 2 
122 1 
129 1 
115 1 
112 2 
1003 2 
1007 2 
1012 2 
1016 2 
1021 2 
1025 2 
1030 2 
1034 2 
1039 2 
1043 2 
1048 2 
1052 2 
1057 2 
1061 2 
1066 2 
1070 2 
1075 2 
1079 2 
1084 2 
46 2 
55 2 
52 1 
53 2 
1247 2 
1237 2 
1228 2 
1218 2 
1209 2 
1199 2 
1190 2 
1180 2 
1171 2 
1161 2 
1152 2 
1142 2 
1133 2 
1123 2 
1114 2 
1104 2 
1095 2 
119 2 
120 1 
117 2 
1093 2 
1102 2 
1112 2 
1121 2 
1131 2 
1140 2 
1150 2 
1159 2 
1169 2 
1178 2 
1188 2 
1197 2 
1207 2 
1216 2 
1226 2 
1235 2 
1245 2 
55 2 
70 2 
66 1 
429 1 
425 1 
421 1 
415 1 
409 1 
405 1 
381 1 
377 1 
378 1 
515 1 
519 1 
413 1 
418 1 
523 1 
527 1 
69 1 
70 2 
133 1 
131 1 
146 1 
147 1 
152 1 
157 1 
162 1 
167 1 
172 1 
173 2 
137 2 
135 1 
175 1 
169 1 
164 1 
159 1 
154 1 
149 1 
133 1 
186 1 
183 1 
184 1 
245 1 
258 1 
233 1 
234 2 
231 1 
260 1 
255 1 
251 1 
247 1 
186 1 
191 1 
188 1 
189 1 
268 1 
273 1 
277 1 
281 1 
264 1 
265 2 
262 1 
283 1 
270 1 
191 1 
197 1 
193 1 
201 1 
199 1 
195 1 
292 1 
297 1 
302 1 
307 1 
287 1 
313 1 
311 2 
289 2 
285 1 
309 1 
304 1 
299 1 
294 1 
197 1 
333 1 
331 1 
345 1 
351 1 
356 1 
361 1 
366 1 
371 1 
343 1 
341 2 
373 2 
374 1 
368 1 
363 1 
358 1 
353 1 
347 1 
348 1 
333 1 
386 1 
383 1 
444 1 
449 1 
453 1 
457 1 
442 1 
439 2 
440 1 
459 1 
446 1 
385 1 
386 1 
391 1 
388 1 
467 1 
472 1 
465 1 
462 2 
463 1 
474 1 
478 1 
482 1 
469 1 
390 1 
391 1 
397 1 
393 1 
491 1 
496 1 
501 1 
506 1 
489 1 
485 2 
513 2 
511 1 
487 1 
508 1 
503 1 
498 1 
493 1 
395 1 
401 1 
399 1 
397 1 
