132 16 1 0 
641 122 11 232 
3.000000 0.200000 9.000000 
6.000000 0.200000 10.000000 
9.000000 0.200000 11.000000 
12.000000 0.200000 12.000000 
15.000000 0.200000 13.000000 
18.000000 0.200000 6.000000 
0.200000 0.200000 8.000000 
0.200000 1.800000 16.000000 
0.200000 2.200000 17.000000 
0.200000 4.400000 82.000000 
0.200000 4.800000 83.000000 
0.200000 5.800000 105.000000 
22.800000 0.200000 15.000000 
22.800000 1.800000 34.000000 
22.800000 2.200000 33.000000 
22.800000 5.800000 118.000000 
6.200000 7.400000 120.000000 
584 586 1 
593 595 1 
602 604 1 
611 613 1 
620 622 1 
629 631 1 
638 640 1 
26 29 1 
588 591 1 
597 600 1 
606 609 1 
615 618 1 
624 627 1 
633 636 1 
444 447 1 
16 19 1 
21 24 1 
518 521 1 
523 525 1 
163 167 1 
169 171 1 
173 176 1 
540 543 1 
545 547 1 
558 561 1 
563 565 1 
301 305 1 
307 310 1 
312 314 1 
396 400 1 
402 404 1 
406 409 1 
434 437 1 
439 442 1 
31 33 1 
509 511 1 
513 516 1 
527 529 1 
531 534 1 
145 151 1 
153 156 1 
158 161 1 
536 538 1 
549 551 1 
553 556 1 
316 318 1 
320 324 1 
567 569 1 
571 573 1 
575 578 1 
411 415 1 
417 419 1 
580 582 1 
449 451 1 
35 37 1 
49 52 1 
54 56 1 
58 61 1 
63 68 1 
98 103 1 
105 107 1 
109 113 1 
178 183 1 
185 187 1 
209 212 1 
214 216 1 
238 242 1 
244 246 1 
248 251 1 
264 267 1 
269 272 1 
274 277 1 
279 284 1 
326 328 1 
339 343 1 
345 348 1 
500 503 1 
381 385 1 
387 389 1 
391 394 1 
453 455 1 
6 9 1 
11 14 1 
70 75 1 
77 79 1 
488 490 1 
115 120 1 
122 124 1 
140 143 1 
218 222 1 
224 226 1 
492 494 1 
253 258 1 
260 262 1 
496 498 1 
286 289 1 
291 295 1 
297 299 1 
483 486 1 
350 355 1 
357 359 1 
421 423 1 
505 507 1 
457 460 1 
1 4 1 
39 42 1 
44 47 1 
87 91 1 
93 96 1 
189 193 1 
204 207 1 
228 231 1 
233 236 1 
478 481 1 
361 366 1 
368 370 1 
425 427 1 
429 432 1 
462 464 1 
126 128 1 
466 468 1 
195 198 1 
470 472 1 
474 476 1 
330 332 1 
334 337 1 
372 375 1 
377 379 1 
130 132 1 
200 202 1 
134 138 1 
81 85 1 
0.000000 6.000000 
0.000000 5.500000 
2.012500 5.500000 
1.687500 6.000000 
0.000000 6.000000 
0.000000 4.600000 
0.000000 3.730769 
0.431250 3.067308 
1.427500 4.600000 
0.000000 4.600000 
0.000000 4.600000 
1.427500 4.600000 
2.012500 5.500000 
0.000000 5.500000 
0.000000 4.600000 
0.000000 2.000000 
0.000000 0.634615 
2.012500 0.634615 
1.125000 2.000000 
0.000000 2.000000 
0.000000 2.000000 
1.125000 2.000000 
0.431250 3.067308 
0.000000 2.403846 
0.000000 2.000000 
0.000000 0.000000 
1.600000 0.000000 
2.012500 0.634615 
0.000000 0.634615 
0.000000 0.000000 
0.000000 2.403846 
0.431250 3.067308 
0.000000 3.067308 
0.000000 2.403846 
0.000000 3.067308 
0.431250 3.067308 
0.000000 3.730769 
0.000000 3.067308 
3.000000 6.000000 
2.846154 5.500000 
5.175000 5.500000 
4.850000 6.000000 
3.000000 6.000000 
3.000000 6.000000 
2.337500 6.000000 
2.012500 5.500000 
2.846154 5.500000 
3.000000 6.000000 
2.569231 4.600000 
2.200000 3.400000 
3.377500 3.400000 
2.597500 4.600000 
2.569231 4.600000 
2.569231 4.600000 
2.597500 4.600000 
2.578313 4.629518 
2.569231 4.600000 
2.569231 4.600000 
2.578313 4.629518 
2.012500 5.500000 
1.427500 4.600000 
2.569231 4.600000 
2.569231 4.600000 
1.427500 4.600000 
0.431250 3.067308 
3.593750 3.067308 
3.377500 3.400000 
2.200000 3.400000 
2.569231 4.600000 
2.578313 4.629518 
2.597500 4.600000 
3.377500 3.400000 
3.810000 3.400000 
5.175000 5.500000 
2.846154 5.500000 
2.578313 4.629518 
2.578313 4.629518 
2.846154 5.500000 
2.012500 5.500000 
2.578313 4.629518 
6.000000 11.000000 
6.000000 10.365385 
6.832579 10.365385 
6.800000 10.400000 
6.800000 11.000000 
6.000000 11.000000 
6.000000 6.000000 
6.000000 5.500000 
8.337500 5.500000 
6.756250 7.932692 
6.000000 6.769231 
6.000000 6.000000 
6.000000 6.000000 
5.500000 6.000000 
5.175000 5.500000 
6.000000 5.500000 
6.000000 6.000000 
6.000000 4.000000 
6.000000 3.400000 
3.810000 3.400000 
3.593750 3.067308 
6.756250 3.067308 
6.150000 4.000000 
6.000000 4.000000 
6.000000 4.000000 
6.150000 4.000000 
6.000000 4.230769 
6.000000 4.000000 
6.000000 4.000000 
6.000000 4.230769 
5.175000 5.500000 
3.810000 3.400000 
6.000000 3.400000 
6.000000 4.000000 
6.000000 4.230769 
6.150000 4.000000 
7.000000 4.000000 
7.000000 3.442308 
8.337500 5.500000 
6.000000 5.500000 
6.000000 4.230769 
6.000000 4.230769 
6.000000 5.500000 
5.175000 5.500000 
6.000000 4.230769 
6.000000 6.769231 
6.756250 7.932692 
6.000000 7.932692 
6.000000 6.769231 
6.000000 7.932692 
6.756250 7.932692 
6.000000 9.096154 
6.000000 7.932692 
6.000000 9.096154 
6.756250 7.932692 
7.722736 9.419593 
6.832579 10.365385 
6.000000 10.365385 
6.000000 9.096154 
7.000000 4.000000 
6.150000 4.000000 
6.756250 3.067308 
7.000000 3.442308 
7.000000 4.000000 
7.000000 3.000000 
7.000000 2.692308 
7.450000 2.000000 
9.225000 2.000000 
9.918750 3.067308 
8.044872 3.067308 
8.000000 3.000000 
7.000000 3.000000 
7.000000 3.000000 
8.000000 3.000000 
8.044872 3.067308 
7.000000 3.067308 
7.000000 3.000000 
7.000000 3.000000 
7.000000 3.067308 
6.756250 3.067308 
7.000000 2.692308 
7.000000 3.000000 
7.000000 2.000000 
6.062500 2.000000 
5.175000 0.634615 
8.337500 0.634615 
7.450000 2.000000 
7.000000 2.000000 
7.000000 2.000000 
7.450000 2.000000 
7.000000 2.692308 
7.000000 2.000000 
7.000000 2.000000 
7.000000 2.692308 
6.756250 3.067308 
6.062500 2.000000 
7.000000 2.000000 
7.000000 3.067308 
8.044872 3.067308 
8.266667 3.400000 
8.993671 4.490506 
8.337500 5.500000 
7.000000 3.442308 
7.000000 3.067308 
7.000000 3.067308 
7.000000 3.442308 
6.756250 3.067308 
7.000000 3.067308 
10.000000 7.000000 
9.593346 7.432070 
8.337500 5.500000 
9.666667 5.500000 
10.000000 6.000000 
10.000000 7.000000 
9.593346 7.432070 
9.122172 7.932692 
6.756250 7.932692 
8.337500 5.500000 
9.593346 7.432070 
9.122172 7.932692 
7.722736 9.419593 
6.756250 7.932692 
9.122172 7.932692 
10.000000 6.000000 
9.666667 5.500000 
11.500000 5.500000 
11.175000 6.000000 
10.000000 6.000000 
8.266667 3.400000 
8.044872 3.067308 
9.918750 3.067308 
9.702500 3.400000 
8.266667 3.400000 
8.266667 3.400000 
9.702500 3.400000 
8.993671 4.490506 
8.266667 3.400000 
8.993671 4.490506 
9.702500 3.400000 
10.135000 3.400000 
11.500000 5.500000 
9.666667 5.500000 
8.993671 4.490506 
8.993671 4.490506 
9.666667 5.500000 
8.337500 5.500000 
8.993671 4.490506 
12.000000 6.000000 
11.884615 5.500000 
14.662500 5.500000 
14.337500 6.000000 
12.000000 6.000000 
12.000000 6.000000 
11.825000 6.000000 
11.500000 5.500000 
11.884615 5.500000 
12.000000 6.000000 
11.400000 3.400000 
10.135000 3.400000 
9.918750 3.067308 
13.081250 3.067308 
12.865000 3.400000 
11.400000 3.400000 
11.400000 3.400000 
12.865000 3.400000 
11.783843 5.063319 
11.400000 3.400000 
11.400000 3.400000 
11.783843 5.063319 
11.500000 5.500000 
10.135000 3.400000 
11.400000 3.400000 
11.783843 5.063319 
12.865000 3.400000 
13.297500 3.400000 
14.077500 4.600000 
14.662500 5.500000 
11.884615 5.500000 
11.783843 5.063319 
11.783843 5.063319 
11.884615 5.500000 
11.500000 5.500000 
11.783843 5.063319 
14.600000 4.600000 
14.300000 3.400000 
16.027500 3.400000 
15.247500 4.600000 
14.600000 4.600000 
14.600000 4.600000 
15.247500 4.600000 
14.662500 5.500000 
14.077500 4.600000 
14.600000 4.600000 
14.600000 4.600000 
14.077500 4.600000 
13.297500 3.400000 
14.300000 3.400000 
14.600000 4.600000 
14.300000 3.400000 
13.297500 3.400000 
13.081250 3.067308 
16.104945 3.067308 
16.147328 3.215649 
16.027500 3.400000 
14.300000 3.400000 
16.200000 3.400000 
16.147328 3.215649 
16.243750 3.067308 
16.460000 3.400000 
16.200000 3.400000 
16.200000 3.400000 
16.460000 3.400000 
17.240000 4.600000 
15.247500 4.600000 
16.027500 3.400000 
16.200000 3.400000 
16.200000 3.400000 
16.027500 3.400000 
16.147328 3.215649 
16.200000 3.400000 
15.800000 2.000000 
15.550000 2.000000 
14.662500 0.634615 
17.825000 0.634615 
16.937500 2.000000 
15.800000 2.000000 
15.800000 2.000000 
16.937500 2.000000 
16.243750 3.067308 
15.996078 2.686275 
15.800000 2.000000 
15.800000 2.000000 
15.996078 2.686275 
15.550000 2.000000 
15.800000 2.000000 
15.996078 2.686275 
16.243750 3.067308 
16.104945 3.067308 
15.996078 2.686275 
15.996078 2.686275 
16.104945 3.067308 
13.081250 3.067308 
13.775000 2.000000 
15.550000 2.000000 
15.996078 2.686275 
16.104945 3.067308 
16.243750 3.067308 
16.147328 3.215649 
16.104945 3.067308 
18.000000 6.000000 
17.926230 5.655738 
18.150000 6.000000 
18.000000 6.000000 
18.000000 6.000000 
17.500000 6.000000 
17.825000 5.500000 
17.926230 5.655738 
18.000000 6.000000 
17.700000 4.600000 
17.240000 4.600000 
16.460000 3.400000 
19.190000 3.400000 
17.876033 5.421488 
17.700000 4.600000 
17.700000 4.600000 
17.876033 5.421488 
17.825000 5.500000 
17.240000 4.600000 
17.700000 4.600000 
17.876033 5.421488 
19.190000 3.400000 
19.622500 3.400000 
20.804688 5.218750 
20.875000 5.500000 
17.892857 5.500000 
17.876033 5.421488 
17.876033 5.421488 
17.892857 5.500000 
17.825000 5.500000 
17.876033 5.421488 
17.892857 5.500000 
20.875000 5.500000 
20.906250 5.625000 
20.662500 6.000000 
18.150000 6.000000 
17.926230 5.655738 
17.892857 5.500000 
17.892857 5.500000 
17.926230 5.655738 
17.825000 5.500000 
17.892857 5.500000 
21.000000 6.000000 
20.906250 5.625000 
20.987500 5.500000 
21.312500 6.000000 
21.000000 6.000000 
21.000000 6.000000 
20.662500 6.000000 
20.906250 5.625000 
21.000000 6.000000 
20.350000 3.400000 
20.266827 3.067308 
22.568750 3.067308 
20.987500 5.500000 
20.804688 5.218750 
20.350000 3.400000 
20.350000 3.400000 
20.804688 5.218750 
19.622500 3.400000 
20.350000 3.400000 
20.350000 3.400000 
19.622500 3.400000 
19.406250 3.067308 
20.266827 3.067308 
20.350000 3.400000 
20.000000 2.000000 
18.712500 2.000000 
17.825000 0.634615 
20.987500 0.634615 
20.100000 2.000000 
20.000000 2.000000 
20.000000 2.000000 
20.100000 2.000000 
20.027778 2.111111 
20.000000 2.000000 
20.000000 2.000000 
20.027778 2.111111 
19.406250 3.067308 
18.712500 2.000000 
20.000000 2.000000 
20.027778 2.111111 
20.100000 2.000000 
21.875000 2.000000 
22.568750 3.067308 
20.266827 3.067308 
20.027778 2.111111 
20.027778 2.111111 
20.266827 3.067308 
19.406250 3.067308 
20.027778 2.111111 
20.804688 5.218750 
20.987500 5.500000 
20.875000 5.500000 
20.804688 5.218750 
20.875000 5.500000 
20.987500 5.500000 
20.906250 5.625000 
20.875000 5.500000 
23.000000 6.000000 
21.312500 6.000000 
20.987500 5.500000 
23.000000 5.500000 
23.000000 6.000000 
23.000000 2.000000 
23.000000 2.403846 
22.568750 3.067308 
21.875000 2.000000 
23.000000 2.000000 
23.000000 2.000000 
21.875000 2.000000 
20.987500 0.634615 
23.000000 0.634615 
23.000000 2.000000 
23.000000 0.000000 
23.000000 0.634615 
20.987500 0.634615 
21.400000 0.000000 
23.000000 0.000000 
23.000000 2.403846 
23.000000 3.067308 
22.568750 3.067308 
23.000000 2.403846 
23.000000 3.067308 
23.000000 3.730769 
22.568750 3.067308 
23.000000 3.067308 
23.000000 3.730769 
23.000000 5.500000 
20.987500 5.500000 
22.568750 3.067308 
23.000000 3.730769 
1.687500 6.000000 
2.012500 5.500000 
2.337500 6.000000 
1.687500 6.000000 
4.850000 6.000000 
5.175000 5.500000 
5.500000 6.000000 
4.850000 6.000000 
11.175000 6.000000 
11.500000 5.500000 
11.825000 6.000000 
11.175000 6.000000 
14.337500 6.000000 
14.662500 5.500000 
14.987500 6.000000 
14.337500 6.000000 
14.987500 6.000000 
14.662500 5.500000 
17.825000 5.500000 
17.500000 6.000000 
14.987500 6.000000 
15.247500 4.600000 
17.240000 4.600000 
17.825000 5.500000 
14.662500 5.500000 
15.247500 4.600000 
3.377500 3.400000 
3.593750 3.067308 
3.810000 3.400000 
3.377500 3.400000 
9.702500 3.400000 
9.918750 3.067308 
10.135000 3.400000 
9.702500 3.400000 
12.865000 3.400000 
13.081250 3.067308 
13.297500 3.400000 
12.865000 3.400000 
16.460000 3.400000 
16.243750 3.067308 
19.406250 3.067308 
19.190000 3.400000 
16.460000 3.400000 
19.190000 3.400000 
19.406250 3.067308 
19.622500 3.400000 
19.190000 3.400000 
1.125000 2.000000 
2.012500 0.634615 
2.900000 2.000000 
1.125000 2.000000 
1.125000 2.000000 
2.900000 2.000000 
3.593750 3.067308 
0.431250 3.067308 
1.125000 2.000000 
2.900000 2.000000 
2.012500 0.634615 
5.175000 0.634615 
4.287500 2.000000 
2.900000 2.000000 
2.900000 2.000000 
4.287500 2.000000 
3.593750 3.067308 
2.900000 2.000000 
4.287500 2.000000 
5.175000 0.634615 
6.062500 2.000000 
4.287500 2.000000 
4.287500 2.000000 
6.062500 2.000000 
6.756250 3.067308 
3.593750 3.067308 
4.287500 2.000000 
7.450000 2.000000 
8.337500 0.634615 
9.225000 2.000000 
7.450000 2.000000 
9.225000 2.000000 
8.337500 0.634615 
11.500000 0.634615 
10.612500 2.000000 
9.225000 2.000000 
9.225000 2.000000 
10.612500 2.000000 
9.918750 3.067308 
9.225000 2.000000 
10.612500 2.000000 
11.500000 0.634615 
12.387500 2.000000 
10.612500 2.000000 
10.612500 2.000000 
12.387500 2.000000 
13.081250 3.067308 
9.918750 3.067308 
10.612500 2.000000 
12.387500 2.000000 
11.500000 0.634615 
14.662500 0.634615 
13.775000 2.000000 
12.387500 2.000000 
12.387500 2.000000 
13.775000 2.000000 
13.081250 3.067308 
12.387500 2.000000 
13.775000 2.000000 
14.662500 0.634615 
15.550000 2.000000 
13.775000 2.000000 
16.937500 2.000000 
17.825000 0.634615 
18.712500 2.000000 
16.937500 2.000000 
16.937500 2.000000 
18.712500 2.000000 
19.406250 3.067308 
16.243750 3.067308 
16.937500 2.000000 
20.100000 2.000000 
20.987500 0.634615 
21.875000 2.000000 
20.100000 2.000000 
1.600000 0.000000 
2.425000 0.000000 
2.012500 0.634615 
1.600000 0.000000 
2.425000 0.000000 
4.762500 0.000000 
5.175000 0.634615 
2.012500 0.634615 
2.425000 0.000000 
4.762500 0.000000 
5.587500 0.000000 
5.175000 0.634615 
4.762500 0.000000 
5.587500 0.000000 
7.925000 0.000000 
8.337500 0.634615 
5.175000 0.634615 
5.587500 0.000000 
7.925000 0.000000 
8.750000 0.000000 
8.337500 0.634615 
7.925000 0.000000 
8.750000 0.000000 
11.087500 0.000000 
11.500000 0.634615 
8.337500 0.634615 
8.750000 0.000000 
11.087500 0.000000 
11.912500 0.000000 
11.500000 0.634615 
11.087500 0.000000 
11.912500 0.000000 
14.250000 0.000000 
14.662500 0.634615 
11.500000 0.634615 
11.912500 0.000000 
14.250000 0.000000 
15.075000 0.000000 
14.662500 0.634615 
14.250000 0.000000 
15.075000 0.000000 
17.412500 0.000000 
17.825000 0.634615 
14.662500 0.634615 
15.075000 0.000000 
17.412500 0.000000 
18.237500 0.000000 
17.825000 0.634615 
17.412500 0.000000 
18.237500 0.000000 
20.575000 0.000000 
20.987500 0.634615 
17.825000 0.634615 
18.237500 0.000000 
20.575000 0.000000 
21.400000 0.000000 
20.987500 0.634615 
20.575000 0.000000 
0.431250 -1.798077 
3.593750 -1.798077 
6.756250 -1.798077 
9.918750 -1.798077 
13.081250 -1.798077 
16.243750 -1.798077 
19.406250 -1.798077 
22.568750 -1.798077 
-1.150000 0.634615 
-1.150000 0.634615 
2.012500 0.634615 
2.012500 0.634615 
5.175000 0.634615 
5.175000 0.634615 
8.337500 0.634615 
8.337500 0.634615 
8.337500 0.634615 
11.500000 0.634615 
11.500000 0.634615 
14.662500 0.634615 
14.662500 0.634615 
14.662500 0.634615 
17.825000 0.634615 
17.825000 0.634615 
20.987500 0.634615 
20.987500 0.634615 
20.987500 0.634615 
24.150000 0.634615 
24.150000 0.634615 
-2.731250 3.067308 
0.431250 3.067308 
0.431250 3.067308 
0.431250 3.067308 
0.431250 3.067308 
3.593750 3.067308 
3.593750 3.067308 
3.593750 3.067308 
3.593750 3.067308 
6.756250 3.067308 
6.756250 3.067308 
6.756250 3.067308 
6.756250 3.067308 
6.756250 3.067308 
6.756250 3.067308 
9.918750 3.067308 
9.918750 3.067308 
9.918750 3.067308 
9.918750 3.067308 
9.918750 3.067308 
9.918750 3.067308 
13.081250 3.067308 
13.081250 3.067308 
13.081250 3.067308 
13.081250 3.067308 
13.081250 3.067308 
13.081250 3.067308 
16.243750 3.067308 
16.243750 3.067308 
16.243750 3.067308 
16.243750 3.067308 
16.243750 3.067308 
16.243750 3.067308 
19.406250 3.067308 
19.406250 3.067308 
19.406250 3.067308 
19.406250 3.067308 
19.406250 3.067308 
22.568750 3.067308 
22.568750 3.067308 
22.568750 3.067308 
22.568750 3.067308 
25.731250 3.067308 
-1.150000 5.500000 
-1.150000 5.500000 
2.012500 5.500000 
2.012500 5.500000 
2.012500 5.500000 
5.175000 5.500000 
5.175000 5.500000 
5.175000 5.500000 
5.175000 5.500000 
8.337500 5.500000 
8.337500 5.500000 
8.337500 5.500000 
8.337500 5.500000 
8.337500 5.500000 
11.500000 5.500000 
11.500000 5.500000 
11.500000 5.500000 
11.500000 5.500000 
14.662500 5.500000 
14.662500 5.500000 
14.662500 5.500000 
14.662500 5.500000 
14.662500 5.500000 
17.825000 5.500000 
17.825000 5.500000 
17.825000 5.500000 
17.825000 5.500000 
20.987500 5.500000 
20.987500 5.500000 
20.987500 5.500000 
20.987500 5.500000 
24.150000 5.500000 
0.431250 7.932692 
3.593750 7.932692 
3.593750 7.932692 
3.593750 7.932692 
6.756250 7.932692 
6.756250 7.932692 
9.918750 7.932692 
9.918750 7.932692 
13.081250 7.932692 
13.081250 7.932692 
16.243750 7.932692 
19.406250 7.932692 
19.406250 7.932692 
19.406250 7.932692 
22.568750 7.932692 
5.175000 10.365385 
8.337500 10.365385 
6.756250 12.798077 
1 2 11 
2 3 13 
3 4 15 
4 5 18 
5 6 20 
6 7 23 
7 8 25 
9 1 11 
11 2 13 
13 3 15 
15 4 18 
18 5 20 
20 6 23 
23 7 25 
25 8 28 
9 11 31 
10 12 32 
11 13 35 
12 14 36 
13 15 39 
40 16 46 
14 17 41 
15 18 45 
16 19 46 
18 20 51 
19 21 52 
20 23 57 
22 24 58 
52 21 59 
23 25 63 
64 26 68 
24 27 65 
26 29 68 
25 28 69 
30 10 32 
31 11 35 
32 12 36 
35 13 39 
36 14 41 
40 16 46 
42 47 82 
41 17 48 
39 15 45 
45 18 51 
46 19 52 
53 22 58 
52 21 59 
51 20 57 
57 23 63 
58 24 65 
64 26 68 
65 27 70 
63 25 69 
68 29 72 
30 32 73 
33 37 75 
75 37 80 
34 38 76 
32 36 77 
36 41 78 
79 42 82 
37 43 80 
42 47 82 
41 48 83 
40 46 84 
44 49 85 
46 52 87 
50 54 88 
49 55 89 
56 60 91 
54 61 92 
54 62 92 
52 59 93 
53 58 94 
60 66 96 
61 67 97 
58 65 98 
64 68 100 
66 71 101 
65 70 102 
68 72 104 
73 32 77 
74 34 76 
75 37 80 
76 38 81 
77 36 78 
79 42 82 
80 43 86 
78 41 83 
85 49 89 
82 47 90 
84 46 87 
88 54 92 
89 55 95 
87 52 93 
94 58 98 
91 60 96 
52 59 93 
92 61 97 
96 66 101 
97 67 103 
99 64 100 
98 65 102 
100 68 104 
74 76 105 
75 80 106 
76 81 107 
79 82 109 
80 86 110 
82 90 111 
85 89 112 
88 92 113 
89 95 114 
92 97 115 
96 101 116 
97 103 117 
99 100 118 
100 104 119 
105 76 107 
108 79 109 
106 80 110 
109 82 111 
112 89 114 
113 92 115 
96 101 116 
115 97 117 
118 100 119 
96 101 116 
108 109 120 
109 111 121 
120 109 121 
120 121 122 
1 10 
12 34 
36 72 
74 89 
91 117 
119 142 
144 155 
157 176 
178 198 
200 213 
215 231 
4 1 
1 1 
14 1 
11 1 
61 1 
58 1 
77 1 
47 1 
44 1 
464 1 
4 1 
9 1 
6 1 
37 1 
33 1 
24 1 
21 1 
513 1 
523 1 
531 1 
176 1 
173 1 
161 1 
158 1 
185 1 
143 1 
140 1 
103 1 
98 1 
99 1 
490 1 
67 1 
68 1 
63 1 
9 1 
19 1 
16 1 
29 1 
26 1 
584 1 
588 1 
593 1 
597 1 
602 1 
606 1 
611 1 
615 1 
620 1 
624 1 
629 1 
633 1 
638 1 
447 1 
444 1 
442 1 
439 1 
582 1 
400 1 
396 1 
573 1 
305 1 
301 1 
569 1 
561 1 
551 1 
543 1 
538 1 
167 1 
163 1 
529 1 
521 1 
511 1 
19 1 
42 1 
39 1 
75 1 
56 1 
54 1 
52 1 
49 1 
50 1 
72 1 
112 1 
113 1 
109 1 
122 1 
96 1 
93 1 
468 1 
42 1 
85 1 
81 1 
138 1 
132 1 
128 1 
91 1 
87 1 
120 1 
107 1 
105 1 
116 1 
117 1 
183 1 
156 1 
153 1 
154 1 
179 1 
180 1 
224 1 
192 1 
193 1 
189 1 
195 1 
200 1 
136 1 
83 1 
84 1 
85 1 
151 1 
145 1 
171 1 
169 1 
147 1 
545 1 
553 1 
563 1 
323 1 
314 1 
312 1 
320 1 
282 1 
299 1 
297 1 
284 1 
279 1 
498 1 
242 1 
238 1 
494 1 
212 1 
209 1 
150 1 
151 1 
207 1 
204 1 
222 1 
216 1 
214 1 
219 1 
251 1 
248 1 
260 1 
236 1 
233 1 
472 1 
207 1 
231 1 
228 1 
258 1 
246 1 
244 1 
254 1 
276 1 
277 1 
274 1 
272 1 
269 1 
483 1 
348 1 
345 1 
357 1 
368 1 
337 1 
334 1 
481 1 
476 1 
231 1 
267 1 
264 1 
265 1 
295 1 
291 1 
341 1 
351 1 
389 1 
387 1 
353 1 
362 1 
379 1 
377 1 
364 1 
332 1 
330 1 
366 1 
355 1 
343 1 
339 1 
293 1 
267 1 
289 1 
286 1 
328 1 
318 1 
310 1 
307 1 
575 1 
409 1 
406 1 
417 1 
394 1 
391 1 
507 1 
503 1 
289 1 
375 1 
372 1 
427 1 
423 1 
385 1 
381 1 
415 1 
404 1 
402 1 
412 1 
437 1 
434 1 
449 1 
453 1 
457 1 
432 1 
429 1 
375 1 
