115 16 1 0 
551 92 3 171 
3.000000 0.200000 9.000000 
6.000000 0.200000 10.000000 
9.000000 0.200000 12.000000 
12.000000 0.200000 13.000000 
15.000000 0.200000 14.000000 
18.000000 0.200000 6.000000 
0.200000 0.200000 8.000000 
0.200000 1.800000 17.000000 
0.200000 2.200000 17.000000 
0.200000 4.400000 68.000000 
0.200000 4.800000 69.000000 
0.200000 5.800000 88.000000 
22.800000 0.200000 16.000000 
22.800000 1.800000 29.000000 
22.800000 2.200000 29.000000 
22.800000 5.800000 101.000000 
6.200000 7.400000 103.000000 
501 503 1 
510 512 1 
519 521 1 
216 219 1 
523 525 1 
527 529 1 
536 538 1 
16 19 1 
505 508 1 
514 517 1 
221 223 1 
225 229 1 
299 303 1 
347 352 1 
531 534 1 
445 448 1 
21 24 1 
540 542 1 
156 160 1 
492 494 1 
231 233 1 
235 238 1 
305 307 1 
309 312 1 
354 358 1 
360 362 1 
382 384 1 
548 550 1 
450 453 1 
26 28 1 
544 546 1 
496 499 1 
140 145 1 
147 150 1 
152 154 1 
240 243 1 
245 247 1 
314 318 1 
320 322 1 
364 366 1 
386 389 1 
391 393 1 
422 425 1 
455 457 1 
30 32 1 
44 47 1 
49 51 1 
53 56 1 
58 63 1 
93 98 1 
100 102 1 
104 108 1 
162 166 1 
168 170 1 
192 194 1 
249 252 1 
254 257 1 
279 283 1 
285 288 1 
290 292 1 
294 297 1 
368 370 1 
395 397 1 
399 403 1 
427 429 1 
431 433 1 
459 461 1 
6 9 1 
11 14 1 
65 70 1 
72 74 1 
488 490 1 
110 115 1 
117 119 1 
135 138 1 
196 199 1 
201 203 1 
259 264 1 
266 268 1 
324 326 1 
484 486 1 
332 335 1 
337 341 1 
343 345 1 
405 408 1 
410 412 1 
440 443 1 
1 4 1 
34 37 1 
39 42 1 
82 86 1 
88 91 1 
172 176 1 
187 190 1 
205 209 1 
211 214 1 
328 330 1 
475 478 1 
372 375 1 
377 380 1 
435 438 1 
463 465 1 
121 123 1 
467 469 1 
178 181 1 
471 473 1 
270 273 1 
275 277 1 
480 482 1 
414 416 1 
418 420 1 
125 127 1 
183 185 1 
129 133 1 
76 80 1 
0.000000 6.000000 
0.000000 5.500000 
2.012500 5.500000 
1.687500 6.000000 
0.000000 6.000000 
0.000000 4.600000 
0.000000 3.730769 
0.431250 3.067308 
1.427500 4.600000 
0.000000 4.600000 
0.000000 4.600000 
1.427500 4.600000 
2.012500 5.500000 
0.000000 5.500000 
0.000000 4.600000 
0.000000 0.000000 
1.600000 0.000000 
2.012500 0.634615 
0.000000 0.634615 
0.000000 0.000000 
0.000000 0.634615 
2.012500 0.634615 
0.431250 3.067308 
0.000000 2.403846 
0.000000 0.634615 
0.000000 2.403846 
0.431250 3.067308 
0.000000 3.067308 
0.000000 2.403846 
0.000000 3.067308 
0.431250 3.067308 
0.000000 3.730769 
0.000000 3.067308 
3.000000 6.000000 
2.846154 5.500000 
5.175000 5.500000 
4.850000 6.000000 
3.000000 6.000000 
3.000000 6.000000 
2.337500 6.000000 
2.012500 5.500000 
2.846154 5.500000 
3.000000 6.000000 
2.569231 4.600000 
2.200000 3.400000 
3.377500 3.400000 
2.597500 4.600000 
2.569231 4.600000 
2.569231 4.600000 
2.597500 4.600000 
2.578313 4.629518 
2.569231 4.600000 
2.569231 4.600000 
2.578313 4.629518 
2.012500 5.500000 
1.427500 4.600000 
2.569231 4.600000 
2.569231 4.600000 
1.427500 4.600000 
0.431250 3.067308 
3.593750 3.067308 
3.377500 3.400000 
2.200000 3.400000 
2.569231 4.600000 
2.578313 4.629518 
2.597500 4.600000 
3.377500 3.400000 
3.810000 3.400000 
5.175000 5.500000 
2.846154 5.500000 
2.578313 4.629518 
2.578313 4.629518 
2.846154 5.500000 
2.012500 5.500000 
2.578313 4.629518 
6.000000 11.000000 
6.000000 10.365385 
6.832579 10.365385 
6.800000 10.400000 
6.800000 11.000000 
6.000000 11.000000 
6.000000 6.000000 
6.000000 5.500000 
8.337500 5.500000 
6.756250 7.932692 
6.000000 6.769231 
6.000000 6.000000 
6.000000 6.000000 
5.500000 6.000000 
5.175000 5.500000 
6.000000 5.500000 
6.000000 6.000000 
6.000000 4.000000 
6.000000 3.400000 
3.810000 3.400000 
3.593750 3.067308 
6.756250 3.067308 
6.150000 4.000000 
6.000000 4.000000 
6.000000 4.000000 
6.150000 4.000000 
6.000000 4.230769 
6.000000 4.000000 
6.000000 4.000000 
6.000000 4.230769 
5.175000 5.500000 
3.810000 3.400000 
6.000000 3.400000 
6.000000 4.000000 
6.000000 4.230769 
6.150000 4.000000 
7.000000 4.000000 
7.000000 3.442308 
8.337500 5.500000 
6.000000 5.500000 
6.000000 4.230769 
6.000000 4.230769 
6.000000 5.500000 
5.175000 5.500000 
6.000000 4.230769 
6.000000 6.769231 
6.756250 7.932692 
6.000000 7.932692 
6.000000 6.769231 
6.000000 7.932692 
6.756250 7.932692 
6.000000 9.096154 
6.000000 7.932692 
6.000000 9.096154 
6.756250 7.932692 
7.722736 9.419593 
6.832579 10.365385 
6.000000 10.365385 
6.000000 9.096154 
7.000000 4.000000 
6.150000 4.000000 
6.756250 3.067308 
7.000000 3.442308 
7.000000 4.000000 
7.000000 3.000000 
7.000000 2.692308 
8.337500 0.634615 
9.918750 3.067308 
8.044872 3.067308 
7.000000 3.067308 
7.000000 3.000000 
7.000000 3.000000 
7.000000 3.067308 
6.756250 3.067308 
6.800000 3.000000 
7.000000 3.000000 
7.000000 3.000000 
6.800000 3.000000 
7.000000 2.692308 
7.000000 3.000000 
7.000000 2.692308 
6.800000 3.000000 
6.712500 3.000000 
5.175000 0.634615 
8.337500 0.634615 
7.000000 2.692308 
7.000000 3.067308 
8.044872 3.067308 
8.993671 4.490506 
8.337500 5.500000 
7.000000 3.442308 
7.000000 3.067308 
7.000000 3.067308 
7.000000 3.442308 
6.756250 3.067308 
7.000000 3.067308 
10.000000 7.000000 
9.593346 7.432070 
8.337500 5.500000 
9.666667 5.500000 
10.000000 6.000000 
10.000000 7.000000 
9.593346 7.432070 
9.122172 7.932692 
6.756250 7.932692 
8.337500 5.500000 
9.593346 7.432070 
9.122172 7.932692 
7.722736 9.419593 
6.756250 7.932692 
9.122172 7.932692 
10.000000 6.000000 
9.666667 5.500000 
11.500000 5.500000 
11.175000 6.000000 
10.000000 6.000000 
8.044872 3.067308 
9.918750 3.067308 
8.993671 4.490506 
8.044872 3.067308 
8.993671 4.490506 
9.918750 3.067308 
11.500000 5.500000 
9.666667 5.500000 
8.993671 4.490506 
8.993671 4.490506 
9.666667 5.500000 
8.337500 5.500000 
8.993671 4.490506 
12.000000 6.000000 
11.946429 5.500000 
14.573214 5.500000 
14.580013 5.626904 
14.337500 6.000000 
12.000000 6.000000 
12.000000 6.000000 
11.825000 6.000000 
11.500000 5.500000 
11.946429 5.500000 
12.000000 6.000000 
11.410362 0.496711 
11.087500 0.000000 
11.912500 0.000000 
11.500000 0.634615 
11.410362 0.496711 
11.410362 0.496711 
11.500000 0.634615 
11.425137 0.634615 
11.410362 0.496711 
11.410362 0.496711 
11.425137 0.634615 
8.337500 0.634615 
8.750000 0.000000 
11.087500 0.000000 
11.410362 0.496711 
11.425137 0.634615 
11.500000 0.634615 
11.435731 0.733491 
11.425137 0.634615 
11.425137 0.634615 
11.435731 0.733491 
9.918750 3.067308 
8.337500 0.634615 
11.425137 0.634615 
11.435731 0.733491 
11.500000 0.634615 
13.081250 3.067308 
11.685783 3.067308 
11.435731 0.733491 
11.435731 0.733491 
11.685783 3.067308 
9.918750 3.067308 
11.435731 0.733491 
11.685783 3.067308 
13.081250 3.067308 
12.085000 4.600000 
11.883255 4.910377 
11.685783 3.067308 
11.685783 3.067308 
11.883255 4.910377 
11.500000 5.500000 
9.918750 3.067308 
11.685783 3.067308 
11.883255 4.910377 
12.085000 4.600000 
14.077500 4.600000 
14.565195 5.350299 
14.573214 5.500000 
11.946429 5.500000 
11.883255 4.910377 
11.883255 4.910377 
11.946429 5.500000 
11.500000 5.500000 
11.883255 4.910377 
14.600000 6.000000 
14.580013 5.626904 
14.662500 5.500000 
14.987500 6.000000 
14.600000 6.000000 
14.600000 6.000000 
14.337500 6.000000 
14.580013 5.626904 
14.600000 6.000000 
14.525000 4.600000 
14.442891 3.067308 
16.031940 3.067308 
16.056932 3.354720 
15.247500 4.600000 
14.525000 4.600000 
14.525000 4.600000 
15.247500 4.600000 
14.662500 5.500000 
14.565195 5.350299 
14.525000 4.600000 
14.525000 4.600000 
14.565195 5.350299 
14.077500 4.600000 
14.525000 4.600000 
14.525000 4.600000 
14.077500 4.600000 
13.081250 3.067308 
14.442891 3.067308 
14.525000 4.600000 
14.312569 0.634615 
11.500000 0.634615 
11.912500 0.000000 
14.250000 0.000000 
14.662500 0.634615 
14.312569 0.634615 
14.312569 0.634615 
14.662500 0.634615 
14.339213 1.131980 
14.312569 0.634615 
14.312569 0.634615 
14.339213 1.131980 
13.081250 3.067308 
11.500000 0.634615 
14.312569 0.634615 
14.339213 1.131980 
14.662500 0.634615 
15.999228 2.691120 
16.031940 3.067308 
14.442891 3.067308 
14.339213 1.131980 
14.339213 1.131980 
14.442891 3.067308 
13.081250 3.067308 
14.339213 1.131980 
14.565195 5.350299 
14.662500 5.500000 
14.573214 5.500000 
14.565195 5.350299 
14.573214 5.500000 
14.662500 5.500000 
14.580013 5.626904 
14.573214 5.500000 
16.165217 4.600000 
16.056932 3.354720 
16.243750 3.067308 
17.240000 4.600000 
16.165217 4.600000 
16.165217 4.600000 
17.240000 4.600000 
17.825000 5.500000 
14.662500 5.500000 
15.247500 4.600000 
16.165217 4.600000 
16.165217 4.600000 
15.247500 4.600000 
16.056932 3.354720 
16.165217 4.600000 
15.820401 0.634615 
14.662500 0.634615 
15.075000 0.000000 
17.412500 0.000000 
17.825000 0.634615 
17.708333 0.634615 
15.820401 0.634615 
15.820401 0.634615 
17.708333 0.634615 
17.739865 0.765593 
16.243750 3.067308 
15.999228 2.691120 
15.820401 0.634615 
15.820401 0.634615 
15.999228 2.691120 
14.662500 0.634615 
15.820401 0.634615 
15.999228 2.691120 
16.243750 3.067308 
16.031940 3.067308 
15.999228 2.691120 
16.031940 3.067308 
16.243750 3.067308 
16.056932 3.354720 
16.031940 3.067308 
19.000000 6.000000 
18.879630 5.500000 
21.000000 5.500000 
20.672431 6.000000 
19.000000 6.000000 
19.000000 6.000000 
18.150000 6.000000 
17.825000 5.500000 
18.879630 5.500000 
19.000000 6.000000 
17.708333 0.634615 
17.825000 0.634615 
17.739865 0.765593 
17.708333 0.634615 
17.739865 0.765593 
17.825000 0.634615 
19.406250 3.067308 
18.293981 3.067308 
17.739865 0.765593 
17.739865 0.765593 
18.293981 3.067308 
16.243750 3.067308 
17.739865 0.765593 
18.293981 3.067308 
19.406250 3.067308 
18.594595 4.316008 
18.293981 3.067308 
18.293981 3.067308 
18.594595 4.316008 
17.825000 5.500000 
17.240000 4.600000 
16.243750 3.067308 
18.293981 3.067308 
18.594595 4.316008 
19.406250 3.067308 
21.000000 5.500000 
18.879630 5.500000 
18.594595 4.316008 
18.594595 4.316008 
18.879630 5.500000 
17.825000 5.500000 
18.594595 4.316008 
21.000000 6.000000 
21.000000 5.500000 
21.322431 6.000000 
21.000000 6.000000 
21.000000 6.000000 
20.672431 6.000000 
21.000000 5.500000 
21.000000 6.000000 
21.000000 3.067308 
19.406250 3.067308 
20.987500 0.634615 
22.568750 3.067308 
21.000000 3.067308 
21.000000 3.067308 
22.568750 3.067308 
21.000000 5.500000 
21.000000 3.067308 
21.000000 3.067308 
21.000000 5.500000 
19.406250 3.067308 
21.000000 3.067308 
21.000000 5.500000 
23.000000 5.500000 
23.000000 6.000000 
21.322431 6.000000 
21.000000 5.500000 
21.000000 5.500000 
22.568750 3.067308 
23.000000 3.730769 
23.000000 5.500000 
21.000000 5.500000 
23.000000 0.000000 
23.000000 0.634615 
20.987500 0.634615 
21.400000 0.000000 
23.000000 0.000000 
23.000000 0.634615 
23.000000 2.403846 
22.568750 3.067308 
20.987500 0.634615 
23.000000 0.634615 
23.000000 2.403846 
23.000000 3.067308 
22.568750 3.067308 
23.000000 2.403846 
23.000000 3.067308 
23.000000 3.730769 
22.568750 3.067308 
23.000000 3.067308 
1.687500 6.000000 
2.012500 5.500000 
2.337500 6.000000 
1.687500 6.000000 
4.850000 6.000000 
5.175000 5.500000 
5.500000 6.000000 
4.850000 6.000000 
11.175000 6.000000 
11.500000 5.500000 
11.825000 6.000000 
11.175000 6.000000 
14.987500 6.000000 
14.662500 5.500000 
17.825000 5.500000 
17.500000 6.000000 
14.987500 6.000000 
17.500000 6.000000 
17.825000 5.500000 
18.150000 6.000000 
17.500000 6.000000 
12.085000 4.600000 
13.081250 3.067308 
14.077500 4.600000 
12.085000 4.600000 
3.377500 3.400000 
3.593750 3.067308 
3.810000 3.400000 
3.377500 3.400000 
6.712500 3.000000 
6.800000 3.000000 
6.756250 3.067308 
6.712500 3.000000 
6.712500 3.000000 
6.756250 3.067308 
3.593750 3.067308 
5.175000 0.634615 
6.712500 3.000000 
1.600000 0.000000 
2.425000 0.000000 
2.012500 0.634615 
1.600000 0.000000 
2.425000 0.000000 
4.762500 0.000000 
5.175000 0.634615 
2.012500 0.634615 
2.425000 0.000000 
4.762500 0.000000 
5.587500 0.000000 
5.175000 0.634615 
4.762500 0.000000 
5.587500 0.000000 
7.925000 0.000000 
8.337500 0.634615 
5.175000 0.634615 
5.587500 0.000000 
7.925000 0.000000 
8.750000 0.000000 
8.337500 0.634615 
7.925000 0.000000 
14.250000 0.000000 
15.075000 0.000000 
14.662500 0.634615 
14.250000 0.000000 
17.412500 0.000000 
18.237500 0.000000 
17.825000 0.634615 
17.412500 0.000000 
18.237500 0.000000 
20.575000 0.000000 
20.987500 0.634615 
17.825000 0.634615 
18.237500 0.000000 
20.575000 0.000000 
21.400000 0.000000 
20.987500 0.634615 
20.575000 0.000000 
2.012500 0.634615 
5.175000 0.634615 
3.593750 3.067308 
2.012500 0.634615 
2.012500 0.634615 
3.593750 3.067308 
0.431250 3.067308 
2.012500 0.634615 
17.825000 0.634615 
20.987500 0.634615 
19.406250 3.067308 
17.825000 0.634615 
0.431250 -1.798077 
3.593750 -1.798077 
6.756250 -1.798077 
9.918750 -1.798077 
13.081250 -1.798077 
16.243750 -1.798077 
19.406250 -1.798077 
22.568750 -1.798077 
-1.150000 0.634615 
2.012500 0.634615 
5.175000 0.634615 
8.337500 0.634615 
8.337500 0.634615 
8.337500 0.634615 
11.500000 0.634615 
14.662500 0.634615 
17.825000 0.634615 
20.987500 0.634615 
24.150000 0.634615 
-2.731250 3.067308 
0.431250 3.067308 
0.431250 3.067308 
0.431250 3.067308 
3.593750 3.067308 
3.593750 3.067308 
3.593750 3.067308 
6.756250 3.067308 
6.756250 3.067308 
9.918750 3.067308 
9.918750 3.067308 
9.918750 3.067308 
13.081250 3.067308 
13.081250 3.067308 
13.081250 3.067308 
13.081250 3.067308 
13.081250 3.067308 
16.243750 3.067308 
16.243750 3.067308 
16.243750 3.067308 
16.243750 3.067308 
19.406250 3.067308 
19.406250 3.067308 
22.568750 3.067308 
25.731250 3.067308 
-1.150000 5.500000 
-1.150000 5.500000 
2.012500 5.500000 
2.012500 5.500000 
2.012500 5.500000 
5.175000 5.500000 
5.175000 5.500000 
5.175000 5.500000 
5.175000 5.500000 
8.337500 5.500000 
8.337500 5.500000 
8.337500 5.500000 
8.337500 5.500000 
11.500000 5.500000 
11.500000 5.500000 
11.500000 5.500000 
11.500000 5.500000 
14.662500 5.500000 
14.662500 5.500000 
14.662500 5.500000 
14.662500 5.500000 
14.662500 5.500000 
14.662500 5.500000 
17.825000 5.500000 
17.825000 5.500000 
17.825000 5.500000 
21.000000 5.500000 
21.000000 5.500000 
21.000000 5.500000 
24.150000 5.500000 
0.431250 7.932692 
3.593750 7.932692 
3.593750 7.932692 
3.593750 7.932692 
6.756250 7.932692 
6.756250 7.932692 
9.918750 7.932692 
9.918750 7.932692 
13.081250 7.932692 
13.081250 7.932692 
13.081250 7.932692 
16.243750 7.932692 
19.406250 7.932692 
19.406250 7.932692 
22.568750 7.932692 
5.175000 10.365385 
8.337500 10.365385 
6.756250 12.798077 
1 2 10 
2 3 11 
3 4 12 
4 5 15 
5 6 16 
6 7 17 
7 8 18 
9 1 10 
10 2 11 
11 3 12 
13 4 15 
12 4 15 
15 5 16 
16 6 17 
17 7 18 
18 8 19 
9 10 21 
10 11 24 
11 12 27 
11 14 27 
13 15 29 
12 15 30 
15 16 32 
15 16 33 
16 17 37 
16 17 38 
16 17 39 
17 18 41 
18 19 43 
20 9 21 
21 10 24 
24 11 27 
27 12 30 
27 14 31 
11 12 27 
29 15 33 
30 15 34 
32 16 38 
33 16 40 
35 16 37 
39 17 41 
37 17 42 
41 18 43 
43 19 44 
20 21 45 
22 25 47 
47 25 52 
23 26 48 
21 24 49 
24 27 50 
51 27 54 
25 28 52 
27 30 54 
27 31 55 
27 30 56 
29 33 58 
30 34 59 
32 38 62 
36 37 63 
58 33 64 
33 40 65 
35 37 66 
39 41 68 
37 42 69 
41 43 71 
41 43 72 
43 44 74 
45 21 49 
46 23 48 
47 25 52 
48 26 53 
49 24 50 
51 27 54 
52 28 57 
50 27 55 
56 30 59 
54 30 60 
58 33 64 
59 34 67 
61 36 63 
58 33 65 
66 37 69 
63 37 69 
62 38 70 
68 41 72 
69 42 73 
71 43 74 
46 48 75 
47 52 76 
48 53 77 
51 54 79 
52 57 80 
54 60 81 
56 59 82 
58 64 83 
59 67 84 
61 63 85 
63 69 86 
68 72 87 
69 73 88 
71 74 89 
75 48 77 
78 51 79 
76 52 80 
79 54 81 
82 59 84 
85 63 86 
58 64 83 
86 69 88 
71 74 89 
68 72 87 
78 79 90 
79 81 91 
90 79 91 
90 91 92 
1 10 
12 153 
155 170 
4 1 
1 1 
14 1 
11 1 
56 1 
53 1 
72 1 
42 1 
39 1 
465 1 
4 1 
9 1 
6 1 
32 1 
28 1 
24 1 
19 1 
16 1 
501 1 
505 1 
510 1 
514 1 
519 1 
228 1 
217 1 
301 1 
523 1 
349 1 
527 1 
531 1 
536 1 
448 1 
445 1 
450 1 
455 1 
459 1 
442 1 
436 1 
437 1 
416 1 
414 1 
429 1 
431 1 
420 1 
418 1 
375 1 
372 1 
408 1 
397 1 
389 1 
384 1 
355 1 
391 1 
399 1 
410 1 
380 1 
377 1 
482 1 
478 1 
273 1 
270 1 
330 1 
326 1 
288 1 
285 1 
341 1 
337 1 
335 1 
332 1 
370 1 
366 1 
358 1 
360 1 
316 1 
281 1 
345 1 
343 1 
283 1 
279 1 
318 1 
307 1 
309 1 
320 1 
297 1 
294 1 
486 1 
260 1 
292 1 
290 1 
262 1 
207 1 
277 1 
275 1 
209 1 
205 1 
264 1 
252 1 
243 1 
233 1 
223 1 
225 1 
235 1 
245 1 
254 1 
266 1 
214 1 
211 1 
473 1 
190 1 
187 1 
199 1 
194 1 
163 1 
201 1 
175 1 
176 1 
172 1 
178 1 
183 1 
131 1 
78 1 
79 1 
80 1 
76 1 
133 1 
127 1 
123 1 
86 1 
82 1 
115 1 
102 1 
100 1 
111 1 
112 1 
166 1 
145 1 
140 1 
154 1 
152 1 
157 1 
492 1 
150 1 
147 1 
168 1 
138 1 
135 1 
98 1 
93 1 
94 1 
490 1 
62 1 
63 1 
58 1 
9 1 
37 1 
34 1 
70 1 
51 1 
49 1 
47 1 
44 1 
45 1 
67 1 
107 1 
108 1 
104 1 
117 1 
91 1 
88 1 
469 1 
37 1 
