288 10 1 0 
1388 329 44 610 
4.100000 -0.900000 5.000000 
4.300000 -0.900000 5.000000 
4.500000 -0.900000 5.000000 
4.700000 -0.900000 5.000000 
4.900000 -0.900000 5.000000 
-4.100000 -0.900000 4.000000 
-4.300000 -0.900000 4.000000 
-4.500000 -0.900000 4.000000 
-4.700000 -0.900000 4.000000 
-4.900000 -0.900000 4.000000 
0.000000 2.500000 273.000000 
441 444 1 
217 220 1 
504 506 1 
359 362 1 
135 138 1 
280 282 1 
508 510 1 
364 368 1 
370 373 1 
512 515 1 
522 525 1 
532 534 1 
153 156 1 
158 162 1 
345 348 1 
350 353 1 
355 357 1 
284 286 1 
446 449 1 
451 454 1 
456 459 1 
461 464 1 
466 469 1 
375 377 1 
379 382 1 
384 386 1 
388 391 1 
393 396 1 
517 520 1 
527 530 1 
140 142 1 
144 147 1 
149 151 1 
164 167 1 
169 172 1 
288 291 1 
293 296 1 
222 225 1 
227 230 1 
232 235 1 
237 240 1 
242 245 1 
471 474 1 
476 479 1 
481 484 1 
486 489 1 
491 494 1 
398 401 1 
403 407 1 
409 412 1 
414 416 1 
579 581 1 
174 178 1 
180 183 1 
185 188 1 
190 192 1 
341 343 1 
247 250 1 
252 255 1 
257 260 1 
262 265 1 
267 270 1 
496 498 1 
418 421 1 
423 427 1 
536 538 1 
540 543 1 
545 548 1 
550 553 1 
555 558 1 
560 563 1 
565 568 1 
570 573 1 
194 198 1 
200 203 1 
298 301 1 
303 306 1 
308 311 1 
313 315 1 
317 320 1 
322 325 1 
327 330 1 
332 335 1 
276 278 1 
500 502 0 
429 433 1 
435 439 2 
575 577 0 
658 661 2 
743 746 2 
828 830 2 
588 591 2 
668 671 2 
753 756 2 
837 839 2 
598 601 2 
678 681 2 
763 766 2 
846 848 2 
608 611 2 
688 691 2 
773 776 2 
855 857 2 
618 621 2 
698 701 2 
783 786 2 
864 866 2 
628 631 2 
708 711 2 
793 796 2 
873 875 2 
638 641 2 
718 721 2 
803 806 2 
882 884 2 
648 651 2 
728 731 2 
813 816 2 
891 893 2 
205 209 1 
211 215 2 
337 339 1 
738 741 2 
823 826 2 
900 902 2 
272 274 1 
68 70 1 
72 75 2 
77 80 0 
82 85 2 
87 90 2 
92 95 2 
583 586 2 
663 666 2 
748 751 2 
832 835 2 
593 596 2 
673 676 2 
758 761 2 
841 844 2 
603 606 2 
683 686 2 
768 771 2 
850 853 2 
613 616 2 
693 696 2 
778 781 2 
859 862 2 
623 626 2 
703 706 2 
788 791 2 
868 871 2 
633 636 2 
713 716 2 
798 801 2 
877 880 2 
643 646 2 
723 726 2 
808 811 2 
886 889 2 
653 656 2 
733 736 2 
818 821 2 
895 898 2 
1 4 2 
6 8 1 
10 13 1 
15 18 2 
20 23 2 
25 28 2 
97 100 2 
102 105 3 
107 110 3 
112 115 3 
117 120 3 
913 916 2 
918 921 3 
1070 1073 3 
1155 1158 3 
1240 1242 3 
932 935 2 
937 940 3 
1080 1083 3 
1165 1168 3 
1249 1251 3 
951 954 2 
956 959 3 
1090 1093 3 
1175 1178 3 
1258 1260 3 
970 973 2 
975 978 3 
1100 1103 3 
1185 1188 3 
1267 1269 3 
989 992 2 
994 997 3 
1110 1113 3 
1195 1198 3 
1276 1278 3 
1008 1011 2 
1013 1016 3 
1120 1123 3 
1205 1208 3 
1285 1287 3 
1027 1030 2 
1032 1035 3 
1130 1133 3 
1215 1218 3 
1294 1296 3 
1046 1049 2 
1051 1054 3 
1140 1143 3 
1225 1228 3 
1303 1305 3 
30 33 3 
35 38 2 
40 43 3 
45 48 3 
50 53 3 
127 129 3 
904 906 2 
908 911 3 
1065 1068 3 
1150 1153 3 
1235 1238 3 
923 925 2 
927 930 3 
1075 1078 3 
1160 1163 3 
1244 1247 3 
942 944 2 
946 949 3 
1085 1088 3 
1170 1173 3 
1253 1256 3 
961 963 2 
965 968 3 
1095 1098 3 
1180 1183 3 
1262 1265 3 
980 982 2 
984 987 3 
1105 1108 3 
1190 1193 3 
1271 1274 3 
999 1001 2 
1003 1006 3 
1115 1118 3 
1200 1203 3 
1280 1283 3 
1018 1020 2 
1022 1025 3 
1125 1128 3 
1210 1213 3 
1289 1292 3 
1037 1039 2 
1041 1044 3 
1135 1138 3 
1220 1223 3 
1298 1301 3 
1056 1058 2 
1060 1063 3 
1145 1148 3 
1230 1233 3 
1307 1310 3 
60 62 3 
131 133 3 
1312 1315 3 
1321 1324 3 
1330 1333 3 
1339 1342 3 
1348 1351 3 
1357 1360 3 
1366 1369 3 
1375 1378 3 
1384 1387 3 
64 66 3 
122 125 3 
1317 1319 3 
1326 1328 3 
1335 1337 3 
1344 1346 3 
1353 1355 3 
1362 1364 3 
1371 1373 3 
1380 1382 3 
55 58 3 
5.000000 1.000000 
5.000000 1.200000 
4.690000 1.200000 
4.820000 1.000000 
5.000000 1.000000 
5.000000 1.000000 
4.820000 1.000000 
4.911765 0.858824 
5.000000 1.000000 
5.000000 1.000000 
4.911765 0.858824 
4.950000 0.800000 
5.000000 0.876923 
5.000000 1.000000 
5.000000 1.200000 
5.000000 1.400000 
4.560000 1.400000 
4.690000 1.200000 
5.000000 1.200000 
5.000000 1.400000 
5.000000 1.600000 
4.430000 1.600000 
4.560000 1.400000 
5.000000 1.400000 
5.000000 1.600000 
5.000000 1.646154 
4.400000 1.646154 
4.430000 1.600000 
5.000000 1.600000 
5.000000 1.800000 
5.000000 2.000000 
4.630000 2.000000 
4.500000 1.800000 
5.000000 1.800000 
5.000000 1.800000 
4.500000 1.800000 
4.400000 1.646154 
5.000000 1.646154 
5.000000 1.800000 
5.000000 2.000000 
5.000000 2.200000 
4.760000 2.200000 
4.630000 2.000000 
5.000000 2.000000 
5.000000 2.200000 
5.000000 2.400000 
4.890000 2.400000 
4.760000 2.200000 
5.000000 2.200000 
5.000000 2.400000 
5.000000 2.415385 
4.950000 2.492308 
4.890000 2.400000 
5.000000 2.400000 
5.000000 2.600000 
4.880000 2.600000 
4.950000 2.492308 
5.000000 2.569231 
5.000000 2.600000 
5.000000 2.415385 
5.000000 2.492308 
4.950000 2.492308 
5.000000 2.415385 
5.000000 2.492308 
5.000000 2.569231 
4.950000 2.492308 
5.000000 2.492308 
-5.000000 1.000000 
-4.911765 0.858824 
-4.820000 1.000000 
-5.000000 1.000000 
-5.000000 1.000000 
-4.820000 1.000000 
-4.690000 1.200000 
-5.000000 1.200000 
-5.000000 1.000000 
-5.000000 1.000000 
-5.000000 0.876923 
-4.950000 0.800000 
-4.911765 0.858824 
-5.000000 1.000000 
-5.000000 1.200000 
-4.690000 1.200000 
-4.560000 1.400000 
-5.000000 1.400000 
-5.000000 1.200000 
-5.000000 1.400000 
-4.560000 1.400000 
-4.430000 1.600000 
-5.000000 1.600000 
-5.000000 1.400000 
-5.000000 1.600000 
-4.430000 1.600000 
-4.400000 1.646154 
-5.000000 1.646154 
-5.000000 1.600000 
-5.000000 1.800000 
-5.000000 1.646154 
-4.400000 1.646154 
-4.500000 1.800000 
-5.000000 1.800000 
-5.000000 1.800000 
-4.500000 1.800000 
-4.630000 2.000000 
-5.000000 2.000000 
-5.000000 1.800000 
-5.000000 2.000000 
-4.630000 2.000000 
-4.760000 2.200000 
-5.000000 2.200000 
-5.000000 2.000000 
-5.000000 2.200000 
-4.760000 2.200000 
-4.890000 2.400000 
-5.000000 2.400000 
-5.000000 2.200000 
-5.000000 2.400000 
-4.890000 2.400000 
-4.950000 2.492308 
-5.000000 2.415385 
-5.000000 2.400000 
-5.000000 2.600000 
-5.000000 2.569231 
-4.950000 2.492308 
-4.880000 2.600000 
-5.000000 2.600000 
-5.000000 2.415385 
-4.950000 2.492308 
-5.000000 2.492308 
-5.000000 2.415385 
-5.000000 2.492308 
-4.950000 2.492308 
-5.000000 2.569231 
-5.000000 2.492308 
4.000000 -1.000000 
4.880000 -1.000000 
4.950000 -0.892308 
4.000000 -0.892308 
4.000000 -1.000000 
4.000000 -0.600000 
4.000000 -0.661538 
4.040000 -0.600000 
4.000000 -0.600000 
4.000000 -0.600000 
4.040000 -0.600000 
4.170000 -0.400000 
4.125000 -0.400000 
4.000000 -0.600000 
4.000000 -0.600000 
4.125000 -0.400000 
4.000000 -0.400000 
4.000000 -0.600000 
4.000000 -0.800000 
4.000000 -0.892308 
4.950000 -0.892308 
4.890000 -0.800000 
4.000000 -0.800000 
4.000000 -0.800000 
4.890000 -0.800000 
4.760000 -0.600000 
4.040000 -0.600000 
4.000000 -0.661538 
4.000000 -0.800000 
4.000000 -0.400000 
4.125000 -0.400000 
4.250000 -0.200000 
4.000000 -0.200000 
4.000000 -0.400000 
4.000000 -0.200000 
4.250000 -0.200000 
4.346154 -0.046154 
4.000000 -0.046154 
4.000000 -0.200000 
4.000000 0.000000 
4.000000 -0.046154 
4.346154 -0.046154 
4.372549 -0.003922 
4.370000 0.000000 
4.000000 0.000000 
4.000000 0.000000 
4.370000 0.000000 
4.240000 0.200000 
4.000000 0.200000 
4.000000 0.000000 
4.000000 0.200000 
4.240000 0.200000 
4.110000 0.400000 
4.000000 0.400000 
4.000000 0.200000 
4.000000 0.400000 
4.110000 0.400000 
4.000000 0.569231 
4.000000 0.400000 
4.000000 0.600000 
4.000000 0.569231 
4.110000 0.400000 
4.625000 0.400000 
4.750000 0.600000 
4.000000 0.600000 
4.000000 0.600000 
4.750000 0.600000 
4.875000 0.800000 
4.000000 0.800000 
4.000000 0.600000 
4.000000 0.800000 
4.875000 0.800000 
4.911765 0.858824 
4.820000 1.000000 
4.000000 1.000000 
4.000000 0.800000 
4.000000 1.000000 
4.820000 1.000000 
4.690000 1.200000 
4.110000 1.200000 
3.980000 1.000000 
4.000000 1.000000 
5.000000 -1.000000 
5.000000 -0.969231 
4.950000 -0.892308 
4.880000 -1.000000 
5.000000 -1.000000 
5.000000 -0.800000 
5.000000 -0.600000 
4.760000 -0.600000 
4.890000 -0.800000 
5.000000 -0.800000 
5.000000 -0.800000 
4.890000 -0.800000 
4.950000 -0.892308 
5.000000 -0.815385 
5.000000 -0.800000 
5.000000 -0.600000 
5.000000 -0.400000 
4.630000 -0.400000 
4.760000 -0.600000 
5.000000 -0.600000 
5.000000 -0.400000 
5.000000 -0.200000 
4.500000 -0.200000 
4.630000 -0.400000 
5.000000 -0.400000 
5.000000 -0.200000 
5.000000 -0.046154 
4.400000 -0.046154 
4.500000 -0.200000 
5.000000 -0.200000 
5.000000 0.000000 
5.000000 0.200000 
4.560000 0.200000 
4.430000 0.000000 
5.000000 0.000000 
5.000000 0.000000 
4.430000 0.000000 
4.400000 -0.046154 
5.000000 -0.046154 
5.000000 0.000000 
5.000000 0.200000 
5.000000 0.400000 
4.690000 0.400000 
4.560000 0.200000 
5.000000 0.200000 
5.000000 0.400000 
5.000000 0.600000 
4.820000 0.600000 
4.690000 0.400000 
5.000000 0.400000 
5.000000 0.600000 
5.000000 0.723077 
4.950000 0.800000 
4.820000 0.600000 
5.000000 0.600000 
5.000000 0.800000 
5.000000 0.876923 
4.950000 0.800000 
5.000000 0.800000 
5.000000 0.800000 
4.950000 0.800000 
5.000000 0.723077 
5.000000 0.800000 
5.000000 -0.969231 
5.000000 -0.892308 
4.950000 -0.892308 
5.000000 -0.969231 
5.000000 -0.892308 
5.000000 -0.815385 
4.950000 -0.892308 
5.000000 -0.892308 
4.125000 -0.400000 
4.170000 -0.400000 
4.300000 -0.200000 
4.250000 -0.200000 
4.125000 -0.400000 
4.250000 -0.200000 
4.300000 -0.200000 
4.400000 -0.046154 
4.346154 -0.046154 
4.250000 -0.200000 
4.375000 0.000000 
4.372549 -0.003922 
4.400000 -0.046154 
4.430000 0.000000 
4.375000 0.000000 
4.375000 0.000000 
4.430000 0.000000 
4.560000 0.200000 
4.500000 0.200000 
4.375000 0.000000 
4.375000 0.000000 
4.500000 0.200000 
4.240000 0.200000 
4.370000 0.000000 
4.375000 0.000000 
4.375000 0.000000 
4.370000 0.000000 
4.372549 -0.003922 
4.375000 0.000000 
4.500000 0.200000 
4.560000 0.200000 
4.690000 0.400000 
4.625000 0.400000 
4.500000 0.200000 
4.500000 0.200000 
4.625000 0.400000 
4.110000 0.400000 
4.240000 0.200000 
4.500000 0.200000 
4.625000 0.400000 
4.690000 0.400000 
4.820000 0.600000 
4.750000 0.600000 
4.625000 0.400000 
4.750000 0.600000 
4.820000 0.600000 
4.950000 0.800000 
4.875000 0.800000 
4.750000 0.600000 
4.875000 0.800000 
4.950000 0.800000 
4.911765 0.858824 
4.875000 0.800000 
4.346154 -0.046154 
4.400000 -0.046154 
4.372549 -0.003922 
4.346154 -0.046154 
4.040000 -0.600000 
4.760000 -0.600000 
4.630000 -0.400000 
4.170000 -0.400000 
4.040000 -0.600000 
4.170000 -0.400000 
4.630000 -0.400000 
4.500000 -0.200000 
4.300000 -0.200000 
4.170000 -0.400000 
4.300000 -0.200000 
4.500000 -0.200000 
4.400000 -0.046154 
4.300000 -0.200000 
-4.000000 -1.000000 
-4.000000 -0.892308 
-4.950000 -0.892308 
-4.880000 -1.000000 
-4.000000 -1.000000 
-4.000000 -0.800000 
-4.000000 -0.661538 
-4.040000 -0.600000 
-4.760000 -0.600000 
-4.890000 -0.800000 
-4.000000 -0.800000 
-4.000000 -0.800000 
-4.890000 -0.800000 
-4.950000 -0.892308 
-4.000000 -0.892308 
-4.000000 -0.800000 
-4.000000 -0.600000 
-4.000000 -0.400000 
-4.125000 -0.400000 
-4.000000 -0.600000 
-4.000000 -0.600000 
-4.125000 -0.400000 
-4.170000 -0.400000 
-4.040000 -0.600000 
-4.000000 -0.600000 
-4.000000 -0.600000 
-4.040000 -0.600000 
-4.000000 -0.661538 
-4.000000 -0.600000 
-4.000000 -0.400000 
-4.000000 -0.200000 
-4.250000 -0.200000 
-4.125000 -0.400000 
-4.000000 -0.400000 
-4.000000 -0.200000 
-4.000000 -0.046154 
-4.346154 -0.046154 
-4.250000 -0.200000 
-4.000000 -0.200000 
-4.000000 0.000000 
-4.000000 0.200000 
-4.240000 0.200000 
-4.370000 0.000000 
-4.000000 0.000000 
-4.000000 0.000000 
-4.370000 0.000000 
-4.372549 -0.003922 
-4.346154 -0.046154 
-4.000000 -0.046154 
-4.000000 0.000000 
-4.000000 0.200000 
-4.000000 0.400000 
-4.110000 0.400000 
-4.240000 0.200000 
-4.000000 0.200000 
-4.000000 0.400000 
-4.000000 0.569231 
-4.110000 0.400000 
-4.000000 0.400000 
-4.000000 0.600000 
-4.000000 0.800000 
-4.875000 0.800000 
-4.750000 0.600000 
-4.000000 0.600000 
-4.000000 0.600000 
-4.750000 0.600000 
-4.625000 0.400000 
-4.110000 0.400000 
-4.000000 0.569231 
-4.000000 0.600000 
-4.000000 0.800000 
-4.000000 1.000000 
-4.820000 1.000000 
-4.911765 0.858824 
-4.875000 0.800000 
-4.000000 0.800000 
-4.000000 1.000000 
-3.980000 1.000000 
-4.110000 1.200000 
-4.690000 1.200000 
-4.820000 1.000000 
-4.000000 1.000000 
-5.000000 -1.000000 
-4.880000 -1.000000 
-4.950000 -0.892308 
-5.000000 -0.969231 
-5.000000 -1.000000 
-5.000000 -0.800000 
-5.000000 -0.815385 
-4.950000 -0.892308 
-4.890000 -0.800000 
-5.000000 -0.800000 
-5.000000 -0.800000 
-4.890000 -0.800000 
-4.760000 -0.600000 
-5.000000 -0.600000 
-5.000000 -0.800000 
-5.000000 -0.600000 
-4.760000 -0.600000 
-4.630000 -0.400000 
-5.000000 -0.400000 
-5.000000 -0.600000 
-5.000000 -0.400000 
-4.630000 -0.400000 
-4.500000 -0.200000 
-5.000000 -0.200000 
-5.000000 -0.400000 
-5.000000 -0.200000 
-4.500000 -0.200000 
-4.400000 -0.046154 
-5.000000 -0.046154 
-5.000000 -0.200000 
-5.000000 0.000000 
-5.000000 -0.046154 
-4.400000 -0.046154 
-4.430000 0.000000 
-5.000000 0.000000 
-5.000000 0.000000 
-4.430000 0.000000 
-4.560000 0.200000 
-5.000000 0.200000 
-5.000000 0.000000 
-5.000000 0.200000 
-4.560000 0.200000 
-4.690000 0.400000 
-5.000000 0.400000 
-5.000000 0.200000 
-5.000000 0.400000 
-4.690000 0.400000 
-4.820000 0.600000 
-5.000000 0.600000 
-5.000000 0.400000 
-5.000000 0.600000 
-4.820000 0.600000 
-4.950000 0.800000 
-5.000000 0.723077 
-5.000000 0.600000 
-5.000000 0.800000 
-5.000000 0.723077 
-4.950000 0.800000 
-5.000000 0.800000 
-5.000000 0.800000 
-4.950000 0.800000 
-5.000000 0.876923 
-5.000000 0.800000 
-5.000000 -0.969231 
-4.950000 -0.892308 
-5.000000 -0.892308 
-5.000000 -0.969231 
-5.000000 -0.892308 
-4.950000 -0.892308 
-5.000000 -0.815385 
-5.000000 -0.892308 
-4.760000 -0.600000 
-4.040000 -0.600000 
-4.170000 -0.400000 
-4.630000 -0.400000 
-4.760000 -0.600000 
-4.125000 -0.400000 
-4.250000 -0.200000 
-4.300000 -0.200000 
-4.170000 -0.400000 
-4.125000 -0.400000 
-4.630000 -0.400000 
-4.170000 -0.400000 
-4.300000 -0.200000 
-4.500000 -0.200000 
-4.630000 -0.400000 
-4.250000 -0.200000 
-4.346154 -0.046154 
-4.400000 -0.046154 
-4.300000 -0.200000 
-4.250000 -0.200000 
-4.500000 -0.200000 
-4.300000 -0.200000 
-4.400000 -0.046154 
-4.500000 -0.200000 
-4.375000 0.000000 
-4.372549 -0.003922 
-4.370000 0.000000 
-4.375000 0.000000 
-4.375000 0.000000 
-4.370000 0.000000 
-4.240000 0.200000 
-4.500000 0.200000 
-4.375000 0.000000 
-4.375000 0.000000 
-4.500000 0.200000 
-4.560000 0.200000 
-4.430000 0.000000 
-4.375000 0.000000 
-4.375000 0.000000 
-4.430000 0.000000 
-4.400000 -0.046154 
-4.372549 -0.003922 
-4.375000 0.000000 
-4.500000 0.200000 
-4.240000 0.200000 
-4.110000 0.400000 
-4.625000 0.400000 
-4.500000 0.200000 
-4.500000 0.200000 
-4.625000 0.400000 
-4.690000 0.400000 
-4.560000 0.200000 
-4.500000 0.200000 
-4.625000 0.400000 
-4.750000 0.600000 
-4.820000 0.600000 
-4.690000 0.400000 
-4.625000 0.400000 
-4.750000 0.600000 
-4.875000 0.800000 
-4.950000 0.800000 
-4.820000 0.600000 
-4.750000 0.600000 
-4.875000 0.800000 
-4.911765 0.858824 
-4.950000 0.800000 
-4.875000 0.800000 
-4.346154 -0.046154 
-4.372549 -0.003922 
-4.400000 -0.046154 
-4.346154 -0.046154 
-3.980000 1.000000 
-3.720000 1.000000 
-3.590000 1.200000 
-4.110000 1.200000 
-3.980000 1.000000 
-3.720000 1.000000 
-2.880000 1.000000 
-3.010000 1.200000 
-3.590000 1.200000 
-3.720000 1.000000 
-2.880000 1.000000 
-2.620000 1.000000 
-2.490000 1.200000 
-3.010000 1.200000 
-2.880000 1.000000 
-2.620000 1.000000 
-1.780000 1.000000 
-1.910000 1.200000 
-2.490000 1.200000 
-2.620000 1.000000 
-1.780000 1.000000 
-1.520000 1.000000 
-1.390000 1.200000 
-1.910000 1.200000 
-1.780000 1.000000 
-1.520000 1.000000 
-0.680000 1.000000 
-0.810000 1.200000 
-1.390000 1.200000 
-1.520000 1.000000 
-0.680000 1.000000 
-0.420000 1.000000 
-0.290000 1.200000 
-0.810000 1.200000 
-0.680000 1.000000 
-0.420000 1.000000 
0.420000 1.000000 
0.290000 1.200000 
-0.290000 1.200000 
-0.420000 1.000000 
0.420000 1.000000 
0.680000 1.000000 
0.810000 1.200000 
0.290000 1.200000 
0.420000 1.000000 
0.680000 1.000000 
1.520000 1.000000 
1.390000 1.200000 
0.810000 1.200000 
0.680000 1.000000 
1.520000 1.000000 
1.780000 1.000000 
1.910000 1.200000 
1.390000 1.200000 
1.520000 1.000000 
1.780000 1.000000 
2.620000 1.000000 
2.490000 1.200000 
1.910000 1.200000 
1.780000 1.000000 
2.620000 1.000000 
2.880000 1.000000 
3.010000 1.200000 
2.490000 1.200000 
2.620000 1.000000 
2.880000 1.000000 
3.720000 1.000000 
3.590000 1.200000 
3.010000 1.200000 
2.880000 1.000000 
3.720000 1.000000 
3.980000 1.000000 
4.110000 1.200000 
3.590000 1.200000 
3.720000 1.000000 
-4.690000 1.200000 
-4.110000 1.200000 
-4.240000 1.400000 
-4.560000 1.400000 
-4.690000 1.200000 
-4.110000 1.200000 
-3.590000 1.200000 
-3.460000 1.400000 
-4.240000 1.400000 
-4.110000 1.200000 
-3.590000 1.200000 
-3.010000 1.200000 
-3.140000 1.400000 
-3.460000 1.400000 
-3.590000 1.200000 
-3.010000 1.200000 
-2.490000 1.200000 
-2.360000 1.400000 
-3.140000 1.400000 
-3.010000 1.200000 
-2.490000 1.200000 
-1.910000 1.200000 
-2.040000 1.400000 
-2.360000 1.400000 
-2.490000 1.200000 
-1.910000 1.200000 
-1.390000 1.200000 
-1.260000 1.400000 
-2.040000 1.400000 
-1.910000 1.200000 
-1.390000 1.200000 
-0.810000 1.200000 
-0.940000 1.400000 
-1.260000 1.400000 
-1.390000 1.200000 
-0.810000 1.200000 
-0.290000 1.200000 
-0.160000 1.400000 
-0.940000 1.400000 
-0.810000 1.200000 
-0.290000 1.200000 
0.290000 1.200000 
0.160000 1.400000 
-0.160000 1.400000 
-0.290000 1.200000 
0.290000 1.200000 
0.810000 1.200000 
0.940000 1.400000 
0.160000 1.400000 
0.290000 1.200000 
0.810000 1.200000 
1.390000 1.200000 
1.260000 1.400000 
0.940000 1.400000 
0.810000 1.200000 
1.390000 1.200000 
1.910000 1.200000 
2.040000 1.400000 
1.260000 1.400000 
1.390000 1.200000 
1.910000 1.200000 
2.490000 1.200000 
2.360000 1.400000 
2.040000 1.400000 
1.910000 1.200000 
2.490000 1.200000 
3.010000 1.200000 
3.140000 1.400000 
2.360000 1.400000 
2.490000 1.200000 
3.010000 1.200000 
3.590000 1.200000 
3.460000 1.400000 
3.140000 1.400000 
3.010000 1.200000 
3.590000 1.200000 
4.110000 1.200000 
4.240000 1.400000 
3.460000 1.400000 
3.590000 1.200000 
4.110000 1.200000 
4.690000 1.200000 
4.560000 1.400000 
4.240000 1.400000 
4.110000 1.200000 
-4.560000 1.400000 
-4.240000 1.400000 
-4.370000 1.600000 
-4.430000 1.600000 
-4.560000 1.400000 
-4.240000 1.400000 
-3.460000 1.400000 
-3.330000 1.600000 
-4.370000 1.600000 
-4.240000 1.400000 
-3.460000 1.400000 
-3.140000 1.400000 
-3.270000 1.600000 
-3.330000 1.600000 
-3.460000 1.400000 
-3.140000 1.400000 
-2.360000 1.400000 
-2.230000 1.600000 
-3.270000 1.600000 
-3.140000 1.400000 
-2.360000 1.400000 
-2.040000 1.400000 
-2.170000 1.600000 
-2.230000 1.600000 
-2.360000 1.400000 
-2.040000 1.400000 
-1.260000 1.400000 
-1.130000 1.600000 
-2.170000 1.600000 
-2.040000 1.400000 
-1.260000 1.400000 
-0.940000 1.400000 
-1.070000 1.600000 
-1.130000 1.600000 
-1.260000 1.400000 
-0.940000 1.400000 
-0.160000 1.400000 
-0.030000 1.600000 
-1.070000 1.600000 
-0.940000 1.400000 
-0.160000 1.400000 
0.160000 1.400000 
0.030000 1.600000 
-0.030000 1.600000 
-0.160000 1.400000 
0.160000 1.400000 
0.940000 1.400000 
1.070000 1.600000 
0.030000 1.600000 
0.160000 1.400000 
0.940000 1.400000 
1.260000 1.400000 
1.130000 1.600000 
1.070000 1.600000 
0.940000 1.400000 
1.260000 1.400000 
2.040000 1.400000 
2.170000 1.600000 
1.130000 1.600000 
1.260000 1.400000 
2.040000 1.400000 
2.360000 1.400000 
2.230000 1.600000 
2.170000 1.600000 
2.040000 1.400000 
2.360000 1.400000 
3.140000 1.400000 
3.270000 1.600000 
2.230000 1.600000 
2.360000 1.400000 
3.140000 1.400000 
3.460000 1.400000 
3.330000 1.600000 
3.270000 1.600000 
3.140000 1.400000 
3.460000 1.400000 
4.240000 1.400000 
4.370000 1.600000 
3.330000 1.600000 
3.460000 1.400000 
4.240000 1.400000 
4.560000 1.400000 
4.430000 1.600000 
4.370000 1.600000 
4.240000 1.400000 
-4.430000 1.600000 
-4.370000 1.600000 
-4.400000 1.646154 
-4.430000 1.600000 
-4.370000 1.600000 
-3.330000 1.600000 
-3.300000 1.646154 
-4.400000 1.646154 
-4.370000 1.600000 
-3.330000 1.600000 
-3.270000 1.600000 
-3.300000 1.646154 
-3.330000 1.600000 
-3.270000 1.600000 
-2.230000 1.600000 
-2.200000 1.646154 
-3.300000 1.646154 
-3.270000 1.600000 
-2.230000 1.600000 
-2.170000 1.600000 
-2.200000 1.646154 
-2.230000 1.600000 
-2.170000 1.600000 
-1.130000 1.600000 
-1.100000 1.646154 
-2.200000 1.646154 
-2.170000 1.600000 
-1.130000 1.600000 
-1.070000 1.600000 
-1.100000 1.646154 
-1.130000 1.600000 
-1.070000 1.600000 
-0.030000 1.600000 
0.000000 1.646154 
-1.100000 1.646154 
-1.070000 1.600000 
-0.030000 1.600000 
0.030000 1.600000 
0.000000 1.646154 
-0.030000 1.600000 
0.030000 1.600000 
1.070000 1.600000 
1.100000 1.646154 
0.000000 1.646154 
0.030000 1.600000 
1.070000 1.600000 
1.130000 1.600000 
1.100000 1.646154 
1.070000 1.600000 
1.130000 1.600000 
2.170000 1.600000 
2.200000 1.646154 
1.100000 1.646154 
1.130000 1.600000 
2.170000 1.600000 
2.230000 1.600000 
2.200000 1.646154 
2.170000 1.600000 
2.230000 1.600000 
3.270000 1.600000 
3.300000 1.646154 
2.200000 1.646154 
2.230000 1.600000 
3.270000 1.600000 
3.330000 1.600000 
3.300000 1.646154 
3.270000 1.600000 
3.330000 1.600000 
4.370000 1.600000 
4.400000 1.646154 
3.300000 1.646154 
3.330000 1.600000 
4.370000 1.600000 
4.430000 1.600000 
4.400000 1.646154 
4.370000 1.600000 
-4.500000 1.800000 
-4.400000 1.646154 
-4.300000 1.800000 
-4.500000 1.800000 
-4.500000 1.800000 
-4.300000 1.800000 
-4.170000 2.000000 
-4.630000 2.000000 
-4.500000 1.800000 
-4.300000 1.800000 
-4.400000 1.646154 
-3.300000 1.646154 
-3.400000 1.800000 
-4.300000 1.800000 
-4.300000 1.800000 
-3.400000 1.800000 
-3.530000 2.000000 
-4.170000 2.000000 
-4.300000 1.800000 
-3.400000 1.800000 
-3.300000 1.646154 
-3.200000 1.800000 
-3.400000 1.800000 
-3.400000 1.800000 
-3.200000 1.800000 
-3.070000 2.000000 
-3.530000 2.000000 
-3.400000 1.800000 
-3.200000 1.800000 
-3.300000 1.646154 
-2.200000 1.646154 
-2.300000 1.800000 
-3.200000 1.800000 
-3.200000 1.800000 
-2.300000 1.800000 
-2.430000 2.000000 
-3.070000 2.000000 
-3.200000 1.800000 
-2.300000 1.800000 
-2.200000 1.646154 
-2.100000 1.800000 
-2.300000 1.800000 
-2.300000 1.800000 
-2.100000 1.800000 
-1.970000 2.000000 
-2.430000 2.000000 
-2.300000 1.800000 
-2.100000 1.800000 
-2.200000 1.646154 
-1.100000 1.646154 
-1.200000 1.800000 
-2.100000 1.800000 
-2.100000 1.800000 
-1.200000 1.800000 
-1.330000 2.000000 
-1.970000 2.000000 
-2.100000 1.800000 
-1.200000 1.800000 
-1.100000 1.646154 
-1.000000 1.800000 
-1.200000 1.800000 
-1.200000 1.800000 
-1.000000 1.800000 
-0.870000 2.000000 
-1.330000 2.000000 
-1.200000 1.800000 
-1.000000 1.800000 
-1.100000 1.646154 
0.000000 1.646154 
-0.100000 1.800000 
-1.000000 1.800000 
-1.000000 1.800000 
-0.100000 1.800000 
-0.230000 2.000000 
-0.870000 2.000000 
-1.000000 1.800000 
-0.100000 1.800000 
0.000000 1.646154 
0.100000 1.800000 
-0.100000 1.800000 
-0.100000 1.800000 
0.100000 1.800000 
0.230000 2.000000 
-0.230000 2.000000 
-0.100000 1.800000 
0.100000 1.800000 
0.000000 1.646154 
1.100000 1.646154 
1.000000 1.800000 
0.100000 1.800000 
0.100000 1.800000 
1.000000 1.800000 
0.870000 2.000000 
0.230000 2.000000 
0.100000 1.800000 
1.000000 1.800000 
1.100000 1.646154 
1.200000 1.800000 
1.000000 1.800000 
1.000000 1.800000 
1.200000 1.800000 
1.330000 2.000000 
0.870000 2.000000 
1.000000 1.800000 
1.200000 1.800000 
1.100000 1.646154 
2.200000 1.646154 
2.100000 1.800000 
1.200000 1.800000 
1.200000 1.800000 
2.100000 1.800000 
1.970000 2.000000 
1.330000 2.000000 
1.200000 1.800000 
2.100000 1.800000 
2.200000 1.646154 
2.300000 1.800000 
2.100000 1.800000 
2.100000 1.800000 
2.300000 1.800000 
2.430000 2.000000 
1.970000 2.000000 
2.100000 1.800000 
2.300000 1.800000 
2.200000 1.646154 
3.300000 1.646154 
3.200000 1.800000 
2.300000 1.800000 
2.300000 1.800000 
3.200000 1.800000 
3.070000 2.000000 
2.430000 2.000000 
2.300000 1.800000 
3.200000 1.800000 
3.300000 1.646154 
3.400000 1.800000 
3.200000 1.800000 
3.200000 1.800000 
3.400000 1.800000 
3.530000 2.000000 
3.070000 2.000000 
3.200000 1.800000 
3.400000 1.800000 
3.300000 1.646154 
4.400000 1.646154 
4.300000 1.800000 
3.400000 1.800000 
3.400000 1.800000 
4.300000 1.800000 
4.170000 2.000000 
3.530000 2.000000 
3.400000 1.800000 
4.300000 1.800000 
4.400000 1.646154 
4.500000 1.800000 
4.300000 1.800000 
4.300000 1.800000 
4.500000 1.800000 
4.630000 2.000000 
4.170000 2.000000 
4.300000 1.800000 
-4.630000 2.000000 
-4.170000 2.000000 
-4.040000 2.200000 
-4.760000 2.200000 
-4.630000 2.000000 
-4.170000 2.000000 
-3.530000 2.000000 
-3.660000 2.200000 
-4.040000 2.200000 
-4.170000 2.000000 
-3.530000 2.000000 
-3.070000 2.000000 
-2.940000 2.200000 
-3.660000 2.200000 
-3.530000 2.000000 
-3.070000 2.000000 
-2.430000 2.000000 
-2.560000 2.200000 
-2.940000 2.200000 
-3.070000 2.000000 
-2.430000 2.000000 
-1.970000 2.000000 
-1.840000 2.200000 
-2.560000 2.200000 
-2.430000 2.000000 
-1.970000 2.000000 
-1.330000 2.000000 
-1.460000 2.200000 
-1.840000 2.200000 
-1.970000 2.000000 
-1.330000 2.000000 
-0.870000 2.000000 
-0.740000 2.200000 
-1.460000 2.200000 
-1.330000 2.000000 
-0.870000 2.000000 
-0.230000 2.000000 
-0.360000 2.200000 
-0.740000 2.200000 
-0.870000 2.000000 
-0.230000 2.000000 
0.230000 2.000000 
0.360000 2.200000 
-0.360000 2.200000 
-0.230000 2.000000 
0.230000 2.000000 
0.870000 2.000000 
0.740000 2.200000 
0.360000 2.200000 
0.230000 2.000000 
0.870000 2.000000 
1.330000 2.000000 
1.460000 2.200000 
0.740000 2.200000 
0.870000 2.000000 
1.330000 2.000000 
1.970000 2.000000 
1.840000 2.200000 
1.460000 2.200000 
1.330000 2.000000 
1.970000 2.000000 
2.430000 2.000000 
2.560000 2.200000 
1.840000 2.200000 
1.970000 2.000000 
2.430000 2.000000 
3.070000 2.000000 
2.940000 2.200000 
2.560000 2.200000 
2.430000 2.000000 
3.070000 2.000000 
3.530000 2.000000 
3.660000 2.200000 
2.940000 2.200000 
3.070000 2.000000 
3.530000 2.000000 
4.170000 2.000000 
4.040000 2.200000 
3.660000 2.200000 
3.530000 2.000000 
4.170000 2.000000 
4.630000 2.000000 
4.760000 2.200000 
4.040000 2.200000 
4.170000 2.000000 
-4.760000 2.200000 
-4.040000 2.200000 
-3.910000 2.400000 
-4.890000 2.400000 
-4.760000 2.200000 
-4.040000 2.200000 
-3.660000 2.200000 
-3.790000 2.400000 
-3.910000 2.400000 
-4.040000 2.200000 
-3.660000 2.200000 
-2.940000 2.200000 
-2.810000 2.400000 
-3.790000 2.400000 
-3.660000 2.200000 
-2.940000 2.200000 
-2.560000 2.200000 
-2.690000 2.400000 
-2.810000 2.400000 
-2.940000 2.200000 
-2.560000 2.200000 
-1.840000 2.200000 
-1.710000 2.400000 
-2.690000 2.400000 
-2.560000 2.200000 
-1.840000 2.200000 
-1.460000 2.200000 
-1.590000 2.400000 
-1.710000 2.400000 
-1.840000 2.200000 
-1.460000 2.200000 
-0.740000 2.200000 
-0.610000 2.400000 
-1.590000 2.400000 
-1.460000 2.200000 
-0.740000 2.200000 
-0.360000 2.200000 
-0.490000 2.400000 
-0.610000 2.400000 
-0.740000 2.200000 
-0.360000 2.200000 
0.360000 2.200000 
0.490000 2.400000 
-0.490000 2.400000 
-0.360000 2.200000 
0.360000 2.200000 
0.740000 2.200000 
0.610000 2.400000 
0.490000 2.400000 
0.360000 2.200000 
0.740000 2.200000 
1.460000 2.200000 
1.590000 2.400000 
0.610000 2.400000 
0.740000 2.200000 
1.460000 2.200000 
1.840000 2.200000 
1.710000 2.400000 
1.590000 2.400000 
1.460000 2.200000 
1.840000 2.200000 
2.560000 2.200000 
2.690000 2.400000 
1.710000 2.400000 
1.840000 2.200000 
2.560000 2.200000 
2.940000 2.200000 
2.810000 2.400000 
2.690000 2.400000 
2.560000 2.200000 
2.940000 2.200000 
3.660000 2.200000 
3.790000 2.400000 
2.810000 2.400000 
2.940000 2.200000 
3.660000 2.200000 
4.040000 2.200000 
3.910000 2.400000 
3.790000 2.400000 
3.660000 2.200000 
4.040000 2.200000 
4.760000 2.200000 
4.890000 2.400000 
3.910000 2.400000 
4.040000 2.200000 
-4.890000 2.400000 
-3.910000 2.400000 
-3.850000 2.492308 
-4.950000 2.492308 
-4.890000 2.400000 
-3.910000 2.400000 
-3.790000 2.400000 
-3.850000 2.492308 
-3.910000 2.400000 
-3.790000 2.400000 
-2.810000 2.400000 
-2.750000 2.492308 
-3.850000 2.492308 
-3.790000 2.400000 
-2.810000 2.400000 
-2.690000 2.400000 
-2.750000 2.492308 
-2.810000 2.400000 
-2.690000 2.400000 
-1.710000 2.400000 
-1.650000 2.492308 
-2.750000 2.492308 
-2.690000 2.400000 
-1.710000 2.400000 
-1.590000 2.400000 
-1.650000 2.492308 
-1.710000 2.400000 
-1.590000 2.400000 
-0.610000 2.400000 
-0.550000 2.492308 
-1.650000 2.492308 
-1.590000 2.400000 
-0.610000 2.400000 
-0.490000 2.400000 
-0.550000 2.492308 
-0.610000 2.400000 
-0.490000 2.400000 
0.490000 2.400000 
0.550000 2.492308 
-0.550000 2.492308 
-0.490000 2.400000 
0.490000 2.400000 
0.610000 2.400000 
0.550000 2.492308 
0.490000 2.400000 
0.610000 2.400000 
1.590000 2.400000 
1.650000 2.492308 
0.550000 2.492308 
0.610000 2.400000 
1.590000 2.400000 
1.710000 2.400000 
1.650000 2.492308 
1.590000 2.400000 
1.710000 2.400000 
2.690000 2.400000 
2.750000 2.492308 
1.650000 2.492308 
1.710000 2.400000 
2.690000 2.400000 
2.810000 2.400000 
2.750000 2.492308 
2.690000 2.400000 
2.810000 2.400000 
3.790000 2.400000 
3.850000 2.492308 
2.750000 2.492308 
2.810000 2.400000 
3.790000 2.400000 
3.910000 2.400000 
3.850000 2.492308 
3.790000 2.400000 
3.910000 2.400000 
4.890000 2.400000 
4.950000 2.492308 
3.850000 2.492308 
3.910000 2.400000 
-4.880000 2.600000 
-4.950000 2.492308 
-3.850000 2.492308 
-3.920000 2.600000 
-4.880000 2.600000 
-3.920000 2.600000 
-3.850000 2.492308 
-3.780000 2.600000 
-3.920000 2.600000 
-3.780000 2.600000 
-3.850000 2.492308 
-2.750000 2.492308 
-2.820000 2.600000 
-3.780000 2.600000 
-2.820000 2.600000 
-2.750000 2.492308 
-2.680000 2.600000 
-2.820000 2.600000 
-2.680000 2.600000 
-2.750000 2.492308 
-1.650000 2.492308 
-1.720000 2.600000 
-2.680000 2.600000 
-1.720000 2.600000 
-1.650000 2.492308 
-1.580000 2.600000 
-1.720000 2.600000 
-1.580000 2.600000 
-1.650000 2.492308 
-0.550000 2.492308 
-0.620000 2.600000 
-1.580000 2.600000 
-0.620000 2.600000 
-0.550000 2.492308 
-0.480000 2.600000 
-0.620000 2.600000 
-0.480000 2.600000 
-0.550000 2.492308 
0.550000 2.492308 
0.480000 2.600000 
-0.480000 2.600000 
0.480000 2.600000 
0.550000 2.492308 
0.620000 2.600000 
0.480000 2.600000 
0.620000 2.600000 
0.550000 2.492308 
1.650000 2.492308 
1.580000 2.600000 
0.620000 2.600000 
1.580000 2.600000 
1.650000 2.492308 
1.720000 2.600000 
1.580000 2.600000 
1.720000 2.600000 
1.650000 2.492308 
2.750000 2.492308 
2.680000 2.600000 
1.720000 2.600000 
2.680000 2.600000 
2.750000 2.492308 
2.820000 2.600000 
2.680000 2.600000 
2.820000 2.600000 
2.750000 2.492308 
3.850000 2.492308 
3.780000 2.600000 
2.820000 2.600000 
3.780000 2.600000 
3.850000 2.492308 
3.920000 2.600000 
3.780000 2.600000 
3.920000 2.600000 
3.850000 2.492308 
4.950000 2.492308 
4.880000 2.600000 
3.920000 2.600000 
-5.500000 -1.738462 
-4.400000 -1.738462 
4.400000 -1.738462 
5.500000 -1.738462 
-6.050000 -0.892308 
-4.950000 -0.892308 
-4.950000 -0.892308 
-4.950000 -0.892308 
-4.950000 -0.892308 
-4.950000 -0.892308 
-3.850000 -0.892308 
-3.850000 -0.892308 
-3.850000 -0.892308 
-3.850000 -0.892308 
-3.850000 -0.892308 
-3.850000 -0.892308 
-3.850000 -0.892308 
-3.850000 -0.892308 
3.850000 -0.892308 
3.850000 -0.892308 
3.850000 -0.892308 
3.850000 -0.892308 
3.850000 -0.892308 
3.850000 -0.892308 
3.850000 -0.892308 
3.850000 -0.892308 
4.950000 -0.892308 
4.950000 -0.892308 
4.950000 -0.892308 
4.950000 -0.892308 
4.950000 -0.892308 
6.050000 -0.892308 
-5.500000 -0.046154 
-5.500000 -0.046154 
-5.500000 -0.046154 
-5.500000 -0.046154 
-5.500000 -0.046154 
-5.500000 -0.046154 
-5.500000 -0.046154 
-5.500000 -0.046154 
-5.500000 -0.046154 
-4.400000 -0.046154 
-4.400000 -0.046154 
-4.400000 -0.046154 
-4.400000 -0.046154 
-4.400000 -0.046154 
-4.400000 -0.046154 
-4.400000 -0.046154 
-4.400000 -0.046154 
-4.400000 -0.046154 
-4.400000 -0.046154 
-4.400000 -0.046154 
-4.400000 -0.046154 
-4.400000 -0.046154 
-4.400000 -0.046154 
-4.400000 -0.046154 
-4.400000 -0.046154 
-3.300000 -0.046154 
-3.300000 -0.046154 
-3.300000 -0.046154 
-3.300000 -0.046154 
-3.300000 -0.046154 
-3.300000 -0.046154 
3.300000 -0.046154 
3.300000 -0.046154 
3.300000 -0.046154 
3.300000 -0.046154 
3.300000 -0.046154 
3.300000 -0.046154 
4.400000 -0.046154 
4.400000 -0.046154 
4.400000 -0.046154 
4.400000 -0.046154 
4.400000 -0.046154 
4.400000 -0.046154 
4.400000 -0.046154 
4.400000 -0.046154 
4.400000 -0.046154 
4.400000 -0.046154 
4.400000 -0.046154 
4.400000 -0.046154 
4.400000 -0.046154 
4.400000 -0.046154 
4.400000 -0.046154 
4.400000 -0.046154 
5.500000 -0.046154 
5.500000 -0.046154 
5.500000 -0.046154 
5.500000 -0.046154 
5.500000 -0.046154 
5.500000 -0.046154 
5.500000 -0.046154 
5.500000 -0.046154 
5.500000 -0.046154 
-4.950000 0.800000 
-4.950000 0.800000 
-4.950000 0.800000 
-4.950000 0.800000 
-4.950000 0.800000 
-4.950000 0.800000 
-4.950000 0.800000 
-4.950000 0.800000 
-4.950000 0.800000 
-4.950000 0.800000 
-4.950000 0.800000 
-4.950000 0.800000 
-4.950000 0.800000 
-4.950000 0.800000 
-4.950000 0.800000 
-3.850000 0.800000 
-3.850000 0.800000 
-3.850000 0.800000 
-3.850000 0.800000 
-3.850000 0.800000 
-3.850000 0.800000 
-3.850000 0.800000 
-3.850000 0.800000 
-3.850000 0.800000 
-3.850000 0.800000 
-3.850000 0.800000 
-3.850000 0.800000 
-2.750000 0.800000 
-2.750000 0.800000 
-2.750000 0.800000 
-2.750000 0.800000 
-1.650000 0.800000 
-1.650000 0.800000 
-1.650000 0.800000 
-1.650000 0.800000 
-0.550000 0.800000 
-0.550000 0.800000 
-0.550000 0.800000 
-0.550000 0.800000 
0.550000 0.800000 
0.550000 0.800000 
0.550000 0.800000 
0.550000 0.800000 
1.650000 0.800000 
1.650000 0.800000 
1.650000 0.800000 
1.650000 0.800000 
2.750000 0.800000 
2.750000 0.800000 
2.750000 0.800000 
2.750000 0.800000 
3.850000 0.800000 
3.850000 0.800000 
3.850000 0.800000 
3.850000 0.800000 
3.850000 0.800000 
3.850000 0.800000 
3.850000 0.800000 
3.850000 0.800000 
3.850000 0.800000 
3.850000 0.800000 
3.850000 0.800000 
3.850000 0.800000 
4.950000 0.800000 
4.950000 0.800000 
4.950000 0.800000 
4.950000 0.800000 
4.950000 0.800000 
4.950000 0.800000 
4.950000 0.800000 
4.950000 0.800000 
4.950000 0.800000 
4.950000 0.800000 
4.950000 0.800000 
4.950000 0.800000 
4.950000 0.800000 
4.950000 0.800000 
4.950000 0.800000 
-5.500000 1.646154 
-5.500000 1.646154 
-5.500000 1.646154 
-5.500000 1.646154 
-5.500000 1.646154 
-5.500000 1.646154 
-5.500000 1.646154 
-5.500000 1.646154 
-5.500000 1.646154 
-4.400000 1.646154 
-4.400000 1.646154 
-4.400000 1.646154 
-4.400000 1.646154 
-4.400000 1.646154 
-4.400000 1.646154 
-4.400000 1.646154 
-4.400000 1.646154 
-4.400000 1.646154 
-4.400000 1.646154 
-3.300000 1.646154 
-3.300000 1.646154 
-3.300000 1.646154 
-3.300000 1.646154 
-3.300000 1.646154 
-3.300000 1.646154 
-3.300000 1.646154 
-3.300000 1.646154 
-2.200000 1.646154 
-2.200000 1.646154 
-2.200000 1.646154 
-2.200000 1.646154 
-2.200000 1.646154 
-2.200000 1.646154 
-2.200000 1.646154 
-2.200000 1.646154 
-1.100000 1.646154 
-1.100000 1.646154 
-1.100000 1.646154 
-1.100000 1.646154 
-1.100000 1.646154 
-1.100000 1.646154 
-1.100000 1.646154 
-1.100000 1.646154 
0.000000 1.646154 
0.000000 1.646154 
0.000000 1.646154 
0.000000 1.646154 
0.000000 1.646154 
0.000000 1.646154 
0.000000 1.646154 
0.000000 1.646154 
1.100000 1.646154 
1.100000 1.646154 
1.100000 1.646154 
1.100000 1.646154 
1.100000 1.646154 
1.100000 1.646154 
1.100000 1.646154 
1.100000 1.646154 
2.200000 1.646154 
2.200000 1.646154 
2.200000 1.646154 
2.200000 1.646154 
2.200000 1.646154 
2.200000 1.646154 
2.200000 1.646154 
2.200000 1.646154 
3.300000 1.646154 
3.300000 1.646154 
3.300000 1.646154 
3.300000 1.646154 
3.300000 1.646154 
3.300000 1.646154 
3.300000 1.646154 
3.300000 1.646154 
4.400000 1.646154 
4.400000 1.646154 
4.400000 1.646154 
4.400000 1.646154 
4.400000 1.646154 
4.400000 1.646154 
4.400000 1.646154 
4.400000 1.646154 
4.400000 1.646154 
4.400000 1.646154 
5.500000 1.646154 
5.500000 1.646154 
5.500000 1.646154 
5.500000 1.646154 
5.500000 1.646154 
5.500000 1.646154 
5.500000 1.646154 
5.500000 1.646154 
5.500000 1.646154 
-6.050000 2.492308 
-4.950000 2.492308 
-4.950000 2.492308 
-4.950000 2.492308 
-4.950000 2.492308 
-4.950000 2.492308 
-3.850000 2.492308 
-3.850000 2.492308 
-3.850000 2.492308 
-3.850000 2.492308 
-3.850000 2.492308 
-2.750000 2.492308 
-2.750000 2.492308 
-2.750000 2.492308 
-2.750000 2.492308 
-2.750000 2.492308 
-1.650000 2.492308 
-1.650000 2.492308 
-1.650000 2.492308 
-1.650000 2.492308 
-1.650000 2.492308 
-0.550000 2.492308 
-0.550000 2.492308 
-0.550000 2.492308 
-0.550000 2.492308 
-0.550000 2.492308 
0.550000 2.492308 
0.550000 2.492308 
0.550000 2.492308 
0.550000 2.492308 
0.550000 2.492308 
1.650000 2.492308 
1.650000 2.492308 
1.650000 2.492308 
1.650000 2.492308 
1.650000 2.492308 
2.750000 2.492308 
2.750000 2.492308 
2.750000 2.492308 
2.750000 2.492308 
2.750000 2.492308 
3.850000 2.492308 
3.850000 2.492308 
3.850000 2.492308 
3.850000 2.492308 
3.850000 2.492308 
4.950000 2.492308 
4.950000 2.492308 
4.950000 2.492308 
4.950000 2.492308 
4.950000 2.492308 
6.050000 2.492308 
-5.500000 3.338462 
-4.400000 3.338462 
-3.300000 3.338462 
-2.200000 3.338462 
-1.100000 3.338462 
0.000000 3.338462 
1.100000 3.338462 
2.200000 3.338462 
3.300000 3.338462 
4.400000 3.338462 
5.500000 3.338462 
1 2 6 
3 4 27 
5 1 6 
6 2 11 
19 3 27 
27 4 32 
5 6 33 
7 12 42 
6 11 43 
8 13 44 
9 14 45 
10 15 46 
19 27 70 
20 28 71 
21 29 72 
22 30 73 
23 31 74 
27 32 86 
33 6 43 
34 7 42 
35 8 44 
36 9 45 
37 10 46 
47 16 58 
8 13 44 
7 12 42 
48 17 59 
49 18 60 
9 14 45 
46 15 61 
20 28 71 
21 29 72 
64 24 75 
65 25 76 
66 26 77 
22 30 73 
67 23 74 
71 28 87 
70 27 86 
72 29 88 
73 30 89 
74 31 90 
37 46 95 
38 50 96 
39 51 97 
40 52 98 
41 53 99 
54 62 110 
49 60 111 
55 63 112 
101 56 113 
46 61 114 
66 77 146 
68 78 147 
69 79 148 
149 80 163 
67 74 150 
81 91 158 
74 90 159 
82 92 160 
83 93 161 
84 94 162 
41 53 99 
100 57 115 
101 56 113 
49 60 111 
102 54 110 
38 50 96 
95 46 114 
103 55 112 
39 51 97 
40 52 98 
99 53 116 
149 80 163 
151 85 164 
150 74 159 
81 91 158 
147 78 165 
66 77 146 
82 92 160 
148 79 166 
83 93 161 
152 84 162 
84 94 162 
173 104 184 
105 117 182 
106 118 183 
173 104 184 
107 119 185 
108 120 186 
109 121 187 
118 122 192 
119 123 193 
120 124 194 
121 125 195 
122 126 200 
123 127 201 
124 128 202 
125 129 203 
126 130 208 
127 131 209 
128 132 210 
129 133 211 
130 134 216 
131 135 217 
132 136 218 
133 137 219 
134 138 224 
135 139 225 
136 140 226 
137 141 227 
138 142 232 
139 143 233 
140 144 234 
141 145 235 
142 153 240 
143 154 241 
144 155 242 
145 156 243 
157 167 248 
153 168 249 
250 169 258 
154 170 251 
155 171 252 
156 172 253 
250 169 258 
105 117 182 
174 106 183 
173 104 184 
175 107 185 
176 108 186 
177 109 187 
183 118 192 
185 119 193 
186 120 194 
187 121 195 
192 122 200 
193 123 201 
194 124 202 
195 125 203 
200 126 208 
201 127 209 
202 128 210 
203 129 211 
208 130 216 
209 131 217 
210 132 218 
211 133 219 
216 134 224 
217 135 225 
218 136 226 
219 137 227 
224 138 232 
225 139 233 
226 140 234 
227 141 235 
232 142 240 
233 143 241 
234 144 242 
235 145 243 
240 153 249 
241 154 251 
242 155 252 
243 156 253 
249 168 259 
157 167 248 
250 169 258 
251 170 260 
252 171 261 
253 172 262 
177 187 268 
178 188 269 
179 189 270 
180 190 271 
181 191 272 
187 195 273 
188 196 274 
189 197 275 
190 198 276 
191 199 277 
195 203 278 
196 204 279 
197 205 280 
198 206 281 
199 207 282 
203 211 283 
204 212 284 
205 213 285 
206 214 286 
207 215 287 
211 219 288 
212 220 289 
213 221 290 
214 222 291 
215 223 292 
219 227 293 
220 228 294 
221 229 295 
222 230 296 
223 231 297 
227 235 298 
228 236 299 
229 237 300 
230 238 301 
231 239 302 
235 243 303 
236 244 304 
237 245 305 
238 246 306 
239 247 307 
243 253 308 
244 254 309 
245 255 310 
246 256 311 
247 257 312 
254 263 313 
253 262 314 
255 264 315 
256 265 316 
257 266 317 
267 181 272 
268 187 273 
269 188 274 
270 189 275 
271 190 276 
272 191 277 
273 195 278 
274 196 279 
275 197 280 
276 198 281 
277 199 282 
278 203 283 
279 204 284 
280 205 285 
281 206 286 
282 207 287 
283 211 288 
284 212 289 
285 213 290 
286 214 291 
287 215 292 
288 219 293 
289 220 294 
290 221 295 
291 222 296 
292 223 297 
293 227 298 
294 228 299 
295 229 300 
296 230 301 
297 231 302 
298 235 303 
299 236 304 
300 237 305 
301 238 306 
302 239 307 
303 243 308 
304 244 309 
305 245 310 
306 246 311 
307 247 312 
308 253 314 
309 254 313 
310 255 315 
311 256 316 
312 257 317 
317 266 318 
267 272 319 
272 277 320 
277 282 321 
282 287 322 
287 292 323 
292 297 324 
297 302 325 
302 307 326 
307 312 327 
312 317 328 
317 318 329 
319 272 320 
320 277 321 
321 282 322 
322 287 323 
323 292 324 
324 297 325 
325 302 326 
326 307 327 
327 312 328 
328 317 329 
1 42 
44 49 
51 56 
58 97 
99 138 
140 181 
183 222 
224 263 
265 304 
306 351 
353 358 
360 365 
367 376 
378 385 
387 394 
396 398 
400 403 
405 412 
414 419 
421 426 
428 433 
435 438 
440 447 
449 458 
460 465 
467 472 
474 479 
481 487 
489 498 
500 507 
509 511 
513 520 
522 525 
527 534 
536 541 
543 548 
550 555 
557 560 
562 569 
571 580 
582 587 
589 594 
596 601 
603 609 
4 2 
1 1 
2 2 
213 2 
655 2 
650 2 
645 2 
640 2 
635 2 
630 2 
625 2 
620 2 
615 2 
610 2 
605 2 
600 2 
595 2 
590 2 
585 2 
437 2 
74 2 
75 1 
72 2 
439 2 
435 2 
583 2 
588 2 
593 2 
598 2 
603 2 
608 2 
613 2 
618 2 
623 2 
628 2 
633 2 
638 2 
643 2 
648 2 
653 2 
215 2 
211 2 
4 2 
8 1 
6 2 
208 2 
209 1 
205 1 
206 1 
8 1 
13 1 
10 1 
339 1 
337 1 
274 1 
272 1 
13 1 
18 2 
15 1 
16 2 
740 2 
735 2 
730 2 
725 2 
720 2 
715 2 
710 2 
705 2 
700 2 
695 2 
690 2 
685 2 
680 2 
675 2 
670 2 
665 2 
660 2 
84 2 
85 1 
82 2 
658 2 
663 2 
668 2 
673 2 
678 2 
683 2 
688 2 
693 2 
698 2 
703 2 
708 2 
713 2 
718 2 
723 2 
728 2 
733 2 
738 2 
18 2 
23 2 
20 1 
21 2 
825 2 
820 2 
815 2 
810 2 
805 2 
800 2 
795 2 
790 2 
785 2 
780 2 
775 2 
770 2 
765 2 
760 2 
755 2 
750 2 
745 2 
89 2 
90 1 
87 2 
743 2 
748 2 
753 2 
758 2 
763 2 
768 2 
773 2 
778 2 
783 2 
788 2 
793 2 
798 2 
803 2 
808 2 
813 2 
818 2 
823 2 
23 2 
28 2 
25 1 
38 1 
35 2 
1058 2 
1049 2 
1039 2 
1030 2 
1020 2 
1011 2 
1001 2 
992 2 
982 2 
973 2 
963 2 
954 2 
944 2 
935 2 
925 2 
916 2 
906 2 
100 2 
97 1 
95 1 
92 2 
828 2 
832 2 
837 2 
841 2 
846 2 
850 2 
855 2 
859 2 
864 2 
868 2 
873 2 
877 2 
882 2 
886 2 
891 2 
895 2 
900 2 
28 2 
33 2 
30 1 
31 2 
1062 2 
1053 2 
1043 2 
1034 2 
1024 2 
1015 2 
1005 2 
996 2 
986 2 
977 2 
967 2 
958 2 
948 2 
939 2 
929 2 
920 2 
910 2 
104 2 
105 1 
102 2 
908 2 
918 2 
927 2 
937 2 
946 2 
956 2 
965 2 
975 2 
984 2 
994 2 
1003 2 
1013 2 
1022 2 
1032 2 
1041 2 
1051 2 
1060 2 
33 2 
43 2 
40 1 
41 2 
1147 2 
1142 2 
1137 2 
1132 2 
1127 2 
1122 2 
1117 2 
1112 2 
1107 2 
1102 2 
1097 2 
1092 2 
1087 2 
1082 2 
1077 2 
1072 2 
1067 2 
109 2 
110 1 
107 2 
1065 2 
1070 2 
1075 2 
1080 2 
1085 2 
1090 2 
1095 2 
1100 2 
1105 2 
1110 2 
1115 2 
1120 2 
1125 2 
1130 2 
1135 2 
1140 2 
1145 2 
43 2 
48 2 
45 1 
46 2 
1232 2 
1227 2 
1222 2 
1217 2 
1212 2 
1207 2 
1202 2 
1197 2 
1192 2 
1187 2 
1182 2 
1177 2 
1172 2 
1167 2 
1162 2 
1157 2 
1152 2 
114 2 
115 1 
112 2 
1150 2 
1155 2 
1160 2 
1165 2 
1170 2 
1175 2 
1180 2 
1185 2 
1190 2 
1195 2 
1200 2 
1205 2 
1210 2 
1215 2 
1220 2 
1225 2 
1230 2 
48 2 
53 2 
50 1 
60 1 
64 1 
58 1 
55 2 
1387 2 
1382 2 
1378 2 
1373 2 
1369 2 
1364 2 
1360 2 
1355 2 
1351 2 
1346 2 
1342 2 
1337 2 
1333 2 
1328 2 
1324 2 
1319 2 
1315 2 
125 2 
122 1 
133 1 
129 1 
120 1 
117 2 
1235 2 
1240 2 
1244 2 
1249 2 
1253 2 
1258 2 
1262 2 
1267 2 
1271 2 
1276 2 
1280 2 
1285 2 
1289 2 
1294 2 
1298 2 
1303 2 
1307 2 
53 2 
70 2 
68 1 
432 1 
433 1 
429 1 
430 2 
70 2 
80 1 
77 1 
502 1 
500 1 
577 1 
575 1 
80 1 
138 1 
135 1 
220 1 
217 1 
280 1 
284 1 
230 1 
227 1 
156 1 
153 1 
138 1 
142 1 
140 1 
162 1 
158 1 
225 1 
222 1 
223 1 
160 1 
142 1 
147 1 
144 1 
345 1 
235 1 
232 1 
233 1 
347 1 
146 1 
147 1 
151 1 
149 1 
150 1 
151 1 
167 1 
164 1 
165 1 
166 1 
167 1 
172 1 
169 1 
170 1 
176 1 
315 1 
313 1 
178 1 
174 1 
172 1 
183 1 
180 1 
311 1 
308 1 
309 1 
182 1 
183 1 
188 1 
185 1 
325 1 
322 1 
323 1 
187 1 
188 1 
192 1 
190 1 
196 1 
197 1 
198 1 
194 1 
192 1 
203 1 
200 1 
201 1 
202 1 
203 1 
240 1 
237 1 
238 1 
352 1 
290 1 
291 1 
288 1 
350 1 
240 1 
245 1 
242 1 
255 1 
252 1 
301 1 
298 1 
343 1 
296 1 
293 1 
355 1 
245 1 
250 1 
247 1 
248 1 
305 1 
306 1 
303 1 
250 1 
260 1 
257 1 
258 1 
319 1 
320 1 
317 1 
260 1 
265 1 
262 1 
263 1 
329 1 
330 1 
327 1 
265 1 
270 1 
267 1 
278 1 
276 1 
334 1 
335 1 
332 1 
270 1 
362 1 
359 1 
373 1 
370 1 
449 1 
446 1 
510 1 
506 1 
444 1 
441 1 
362 1 
368 1 
364 1 
386 1 
384 1 
366 1 
453 1 
454 1 
451 1 
368 1 
377 1 
375 1 
376 1 
377 1 
382 1 
379 1 
380 1 
514 1 
458 1 
459 1 
456 1 
512 1 
382 1 
391 1 
388 1 
389 1 
390 1 
391 1 
396 1 
393 1 
407 1 
403 1 
538 1 
536 1 
405 1 
395 1 
396 1 
401 1 
398 1 
399 1 
542 1 
543 1 
540 1 
401 1 
412 1 
409 1 
410 1 
557 1 
558 1 
555 1 
412 1 
416 1 
414 1 
427 1 
423 1 
424 1 
425 1 
416 1 
421 1 
418 1 
419 1 
420 1 
421 1 
464 1 
461 1 
522 1 
520 1 
517 1 
518 1 
524 1 
463 1 
464 1 
469 1 
466 1 
532 1 
530 1 
527 1 
579 1 
553 1 
550 1 
474 1 
471 1 
469 1 
479 1 
476 1 
548 1 
545 1 
546 1 
478 1 
479 1 
484 1 
481 1 
563 1 
560 1 
561 1 
483 1 
484 1 
489 1 
486 1 
568 1 
565 1 
566 1 
488 1 
489 1 
494 1 
491 1 
573 1 
570 1 
571 1 
498 1 
496 1 
494 1 
