321 6 1 0 
1594 226 2 441 
-4.000000 0.100000 96.000000 
-4.000000 5.000000 271.000000 
-1.000000 5.000000 274.000000 
2.000000 5.000000 291.000000 
5.000000 5.000000 294.000000 
6.000000 5.000000 295.000000 
0.000000 0.000000 101.000000 
776 778 1 
784 787 1 
801 803 1 
780 782 1 
769 774 1 
789 793 1 
795 799 1 
762 767 1 
1291 1293 1 
1299 1301 1 
811 814 1 
805 809 1 
752 755 1 
1295 1297 1 
1303 1305 1 
1307 1309 1 
816 819 1 
827 829 1 
757 760 1 
275 278 1 
280 284 1 
297 301 1 
303 308 1 
310 316 1 
318 323 1 
345 349 1 
351 354 1 
821 825 1 
741 745 1 
262 266 1 
268 273 1 
286 290 1 
292 295 1 
325 327 1 
329 332 1 
334 337 1 
339 343 1 
356 360 1 
362 365 1 
831 834 1 
747 750 1 
251 255 1 
257 260 1 
1311 1313 1 
1319 1321 1 
1327 1329 1 
367 370 1 
372 376 1 
836 840 1 
730 734 1 
240 243 1 
245 249 1 
1315 1317 1 
1323 1325 1 
1331 1333 1 
1335 1337 1 
378 382 1 
384 387 1 
842 845 1 
736 739 1 
229 233 1 
235 238 1 
1339 1341 1 
1347 1349 1 
1355 1357 1 
1363 1365 1 
389 392 1 
394 398 1 
847 851 1 
725 728 1 
216 220 1 
222 227 1 
1343 1345 1 
1351 1353 1 
1359 1361 1 
1367 1369 1 
1371 1373 1 
400 404 1 
406 409 1 
859 861 1 
1025 1028 1 
695 700 1 
702 704 1 
185 189 1 
191 196 1 
1379 1381 1 
1383 1385 1 
1391 1393 1 
1399 1401 1 
1407 1409 1 
411 415 1 
417 420 1 
853 857 1 
1030 1032 1 
706 708 1 
710 714 1 
1375 1377 1 
198 201 1 
203 205 1 
1387 1389 1 
1395 1397 1 
1403 1405 1 
1411 1413 1 
422 425 1 
427 431 1 
868 871 1 
1034 1036 1 
716 718 1 
720 723 1 
1415 1417 1 
207 210 1 
212 214 1 
1419 1421 1 
1427 1429 1 
1435 1437 1 
14 17 1 
446 448 1 
450 453 1 
873 876 1 
1019 1023 1 
684 688 1 
690 693 1 
172 176 1 
178 183 1 
1423 1425 1 
1431 1433 1 
1439 1441 1 
1443 1445 1 
1 6 1 
8 12 1 
433 438 1 
440 444 1 
863 866 1 
1009 1012 1 
673 676 1 
678 682 1 
161 164 1 
166 170 1 
1447 1449 1 
1451 1453 1 
1459 1461 1 
1467 1469 1 
34 37 1 
39 41 1 
468 471 1 
473 475 1 
878 881 1 
1014 1017 1 
662 666 1 
668 671 1 
148 153 1 
155 159 1 
1455 1457 1 
1463 1465 1 
1471 1473 1 
19 24 1 
26 32 1 
455 459 1 
461 466 1 
883 887 1 
1004 1007 1 
651 654 1 
656 660 1 
137 140 1 
142 146 1 
115 119 1 
121 124 1 
106 108 1 
110 113 1 
65 68 1 
70 74 1 
56 59 1 
61 63 1 
477 481 1 
483 486 1 
889 892 1 
998 1002 1 
640 644 1 
646 649 1 
126 129 1 
131 135 1 
91 97 1 
99 104 1 
76 82 1 
84 89 1 
43 48 1 
50 54 1 
488 491 1 
493 497 1 
899 902 1 
988 991 1 
629 632 1 
634 638 1 
598 602 1 
604 607 1 
1475 1477 1 
1479 1481 1 
521 524 1 
526 530 1 
499 503 1 
505 508 1 
894 897 1 
993 996 1 
618 621 1 
623 627 1 
609 612 1 
614 616 1 
1483 1485 1 
545 547 1 
549 552 1 
510 514 1 
516 519 1 
904 908 1 
983 986 1 
1487 1489 1 
576 580 1 
582 587 1 
554 558 1 
560 565 1 
532 537 1 
539 543 1 
1495 1497 1 
910 913 1 
968 973 1 
1491 1493 1 
589 591 1 
593 596 1 
567 570 1 
572 574 1 
1499 1501 1 
915 919 1 
1048 1050 2 
1057 1059 2 
975 977 1 
1066 1068 2 
962 966 1 
1075 1077 2 
951 955 1 
1084 1086 2 
946 949 1 
1093 1095 2 
921 926 1 
1102 1104 2 
928 930 1 
1111 1113 2 
1120 1122 2 
1129 1131 2 
1138 1140 2 
1147 1149 2 
1156 1158 2 
1043 1046 2 
1052 1055 2 
1061 1064 2 
979 981 1 
1070 1073 2 
957 960 1 
1079 1082 2 
941 944 1 
1088 1091 2 
936 939 1 
1097 1100 2 
932 934 1 
1106 1109 2 
1115 1118 2 
1124 1127 2 
1133 1136 2 
1142 1145 2 
1151 1154 2 
1038 1041 2 
1282 1284 2 
1503 1505 2 
1507 1509 2 
1515 1517 2 
1523 1525 2 
1531 1533 2 
1539 1541 2 
1547 1549 2 
1555 1557 2 
1563 1565 2 
1571 1573 2 
1579 1581 2 
1587 1589 2 
1165 1167 2 
1286 1289 2 
1511 1513 2 
1519 1521 2 
1527 1529 2 
1535 1537 2 
1543 1545 2 
1551 1553 2 
1559 1561 2 
1567 1569 2 
1575 1577 2 
1583 1585 2 
1591 1593 2 
1169 1172 2 
1174 1177 2 
1183 1186 2 
1192 1195 2 
1201 1204 2 
1210 1213 2 
1219 1222 2 
1228 1231 2 
1237 1240 2 
1246 1249 2 
1255 1258 2 
1264 1267 2 
1273 1276 2 
1160 1163 2 
1179 1181 2 
1188 1190 2 
1197 1199 2 
1206 1208 2 
1215 1217 2 
1224 1226 2 
1233 1235 2 
1242 1244 2 
1251 1253 2 
1260 1262 2 
1269 1271 2 
1278 1280 2 
1.972100 0.528420 
1.977560 0.482463 
2.194821 0.148214 
2.667232 0.875000 
1.871102 0.875000 
1.905500 0.789280 
1.972100 0.528420 
1.972100 0.528420 
1.905500 0.789280 
1.871102 0.875000 
1.722411 0.875000 
1.977560 0.482463 
1.972100 0.528420 
1.977560 0.482463 
1.722411 0.875000 
1.250000 0.148214 
2.194821 0.148214 
1.977560 0.482463 
1.804220 1.041670 
1.814345 1.016438 
2.194821 1.601786 
1.405152 1.601786 
1.502600 1.502600 
1.669350 1.280940 
1.804220 1.041670 
1.804220 1.041670 
1.669350 1.280940 
1.502600 1.502600 
1.405152 1.601786 
1.250000 1.601786 
1.722411 0.875000 
1.814345 1.016438 
1.804220 1.041670 
1.871102 0.875000 
2.667232 0.875000 
2.194821 1.601786 
1.814345 1.016438 
1.871102 0.875000 
1.871102 0.875000 
1.814345 1.016438 
1.722411 0.875000 
1.871102 0.875000 
1.306300 1.702400 
1.311776 1.696826 
1.722411 2.328571 
0.777589 2.328571 
1.064207 1.887621 
1.083330 1.876390 
1.306300 1.702400 
1.306300 1.702400 
1.083330 1.876390 
1.064207 1.887621 
1.250000 1.601786 
1.311776 1.696826 
1.306300 1.702400 
1.405152 1.601786 
2.194821 1.601786 
1.722411 2.328571 
1.311776 1.696826 
1.405152 1.601786 
1.405152 1.601786 
1.311776 1.696826 
1.250000 1.601786 
1.405152 1.601786 
0.837120 2.020990 
1.064207 1.887621 
0.777589 2.328571 
0.633524 2.106933 
0.837120 2.020990 
0.837120 2.020990 
0.633524 2.106933 
0.305179 1.601786 
1.250000 1.601786 
1.064207 1.887621 
0.837120 2.020990 
0.571560 2.133090 
0.633524 2.106933 
0.777589 2.328571 
-0.167232 2.328571 
-0.116521 2.250554 
0.000000 2.250000 
0.290960 2.210100 
0.571560 2.133090 
0.571560 2.133090 
0.290960 2.210100 
0.000000 2.250000 
-0.116521 2.250554 
0.305179 1.601786 
0.633524 2.106933 
0.571560 2.133090 
-0.296400 2.251410 
-0.217631 2.251035 
-0.167232 2.328571 
-1.112054 2.328571 
-0.965642 2.103322 
-0.884960 2.136470 
-0.593130 2.213580 
-0.296400 2.251410 
-0.296400 2.251410 
-0.593130 2.213580 
-0.884960 2.136470 
-0.965642 2.103322 
-0.639643 1.601786 
-0.217631 2.251035 
-0.296400 2.251410 
-0.217631 2.251035 
-0.116521 2.250554 
-0.167232 2.328571 
-0.217631 2.251035 
-0.217631 2.251035 
-0.639643 1.601786 
0.305179 1.601786 
-0.116521 2.250554 
-0.217631 2.251035 
-1.166670 2.020730 
-1.398816 1.887398 
-1.584464 1.601786 
-0.639643 1.601786 
-0.965642 2.103322 
-1.166670 2.020730 
-1.166670 2.020730 
-0.965642 2.103322 
-1.112054 2.328571 
-1.398816 1.887398 
-1.166670 2.020730 
-1.433130 1.867690 
-1.649669 1.702100 
-1.584464 1.601786 
-1.398816 1.887398 
-1.433130 1.867690 
-1.433130 1.867690 
-1.398816 1.887398 
-1.112054 2.328571 
-2.056875 2.328571 
-1.649669 1.702100 
-1.433130 1.867690 
-1.679380 1.679380 
-1.757139 1.601786 
-1.584464 1.601786 
-1.649669 1.702100 
-1.679380 1.679380 
-1.679380 1.679380 
-1.649669 1.702100 
-2.056875 2.328571 
-2.529286 1.601786 
-1.757139 1.601786 
-1.679380 1.679380 
-1.900740 1.458490 
-2.092890 1.208330 
-2.177865 1.061138 
-2.056875 0.875000 
-1.584464 1.601786 
-1.757139 1.601786 
-1.900740 1.458490 
-1.900740 1.458490 
-1.757139 1.601786 
-2.529286 1.601786 
-2.177865 1.061138 
-2.092890 1.208330 
-1.900740 1.458490 
-2.251960 0.932790 
-2.275855 0.875000 
-2.056875 0.875000 
-2.177865 1.061138 
-2.251960 0.932790 
-2.251960 0.932790 
-2.177865 1.061138 
-2.529286 1.601786 
-3.001696 0.875000 
-2.275855 0.875000 
-2.251960 0.932790 
-2.374570 0.636260 
-2.457960 0.323600 
-2.468620 0.241546 
-2.056875 0.875000 
-2.275855 0.875000 
-2.374570 0.636260 
-2.374570 0.636260 
-2.275855 0.875000 
-3.001696 0.875000 
-2.529286 0.148214 
-2.468620 0.241546 
-2.457960 0.323600 
-2.374570 0.636260 
-2.500000 0.000000 
-2.499270 -0.329030 
-2.465717 -0.578571 
-2.056875 -0.578571 
-2.488831 0.085976 
-2.500000 0.000000 
-2.500000 0.000000 
-2.488831 0.085976 
-2.529286 0.148214 
-3.001696 -0.578571 
-2.465717 -0.578571 
-2.499270 -0.329030 
-2.500000 0.000000 
-2.488831 0.085976 
-2.056875 -0.578571 
-1.584464 0.148214 
-2.480745 0.148214 
-2.488831 0.085976 
-2.488831 0.085976 
-2.480745 0.148214 
-2.529286 0.148214 
-2.488831 0.085976 
-2.480745 0.148214 
-1.584464 0.148214 
-2.056875 0.875000 
-2.468620 0.241546 
-2.480745 0.148214 
-2.480745 0.148214 
-2.468620 0.241546 
-2.529286 0.148214 
-2.480745 0.148214 
-2.455060 -0.657830 
-2.367440 -0.980630 
-2.348156 -1.026696 
-2.056875 -0.578571 
-2.465717 -0.578571 
-2.455060 -0.657830 
-2.455060 -0.657830 
-2.465717 -0.578571 
-3.001696 -0.578571 
-2.529286 -1.305357 
-2.348156 -1.026696 
-2.367440 -0.980630 
-2.455060 -0.657830 
-2.237230 -1.291670 
-2.229250 -1.305357 
-1.584464 -1.305357 
-2.056875 -0.578571 
-2.348156 -1.026696 
-2.237230 -1.291670 
-2.237230 -1.291670 
-2.348156 -1.026696 
-2.529286 -1.305357 
-2.229250 -1.305357 
-2.237230 -1.291670 
-2.066020 -1.585320 
-1.903105 -1.795574 
-1.584464 -1.305357 
-2.229250 -1.305357 
-2.066020 -1.585320 
-2.066020 -1.585320 
-2.229250 -1.305357 
-2.529286 -1.305357 
-2.056875 -2.032143 
-1.903105 -1.795574 
-2.066020 -1.585320 
-1.856160 -1.856160 
-1.678323 -2.032143 
-1.112054 -2.032143 
-1.584464 -1.305357 
-1.903105 -1.795574 
-1.856160 -1.856160 
-1.856160 -1.856160 
-1.903105 -1.795574 
-2.056875 -2.032143 
-1.678323 -2.032143 
-1.856160 -1.856160 
-1.610680 -2.099080 
-1.333330 -2.309400 
-1.303359 -2.326459 
-1.112054 -2.032143 
-1.678323 -2.032143 
-1.610680 -2.099080 
-1.610680 -2.099080 
-1.678323 -2.032143 
-2.056875 -2.032143 
-1.584464 -2.758929 
-1.303359 -2.326459 
-1.333330 -2.309400 
-1.610680 -2.099080 
-1.028460 -2.482930 
-0.743841 -2.598623 
-1.112054 -2.032143 
-1.303359 -2.326459 
-1.028460 -2.482930 
-1.028460 -2.482930 
-1.303359 -2.326459 
-1.584464 -2.758929 
-0.639643 -2.758929 
-0.743841 -2.598623 
-1.028460 -2.482930 
-0.700970 -2.616050 
-0.569093 -2.650391 
-0.167232 -2.032143 
-1.112054 -2.032143 
-0.743841 -2.598623 
-0.700970 -2.616050 
-0.700970 -2.616050 
-0.743841 -2.598623 
-0.639643 -2.758929 
-0.569093 -2.650391 
-0.700970 -2.616050 
-0.356230 -2.705820 
0.000000 -2.750000 
0.297839 -2.747637 
-0.167232 -2.032143 
-0.569093 -2.650391 
-0.356230 -2.705820 
-0.356230 -2.705820 
-0.569093 -2.650391 
-0.639643 -2.758929 
0.305179 -2.758929 
0.297839 -2.747637 
0.000000 -2.750000 
-0.356230 -2.705820 
0.361670 -2.747130 
0.312595 -2.747519 
0.305179 -2.758929 
1.250000 -2.758929 
1.130648 -2.575310 
1.076300 -2.598410 
0.722540 -2.696540 
0.361670 -2.747130 
0.361670 -2.747130 
0.722540 -2.696540 
1.076300 -2.598410 
1.130648 -2.575310 
0.777589 -2.032143 
0.312595 -2.747519 
0.361670 -2.747130 
0.297839 -2.747637 
0.305179 -2.758929 
0.312595 -2.747519 
0.297839 -2.747637 
0.297839 -2.747637 
0.312595 -2.747519 
0.777589 -2.032143 
-0.167232 -2.032143 
0.297839 -2.747637 
1.416670 -2.453740 
1.130648 -2.575310 
1.250000 -2.758929 
1.468108 -2.423378 
1.416670 -2.453740 
1.416670 -2.453740 
1.468108 -2.423378 
1.722411 -2.032143 
0.777589 -2.032143 
1.130648 -2.575310 
1.416670 -2.453740 
1.737510 -2.264360 
1.468108 -2.423378 
1.250000 -2.758929 
2.194821 -2.758929 
1.827519 -2.193848 
1.737510 -2.264360 
1.737510 -2.264360 
1.827519 -2.193848 
1.722411 -2.032143 
1.468108 -2.423378 
1.737510 -2.264360 
2.032930 -2.032930 
1.827519 -2.193848 
2.194821 -2.758929 
2.667232 -2.032143 
2.033701 -2.032143 
2.032930 -2.032930 
2.032930 -2.032930 
2.033701 -2.032143 
1.722411 -2.032143 
1.827519 -2.193848 
2.032930 -2.032930 
2.297420 -1.762870 
2.033701 -2.032143 
2.667232 -2.032143 
2.401787 -1.623766 
2.297420 -1.762870 
2.297420 -1.762870 
2.401787 -1.623766 
2.194821 -1.305357 
1.722411 -2.032143 
2.033701 -2.032143 
2.297420 -1.762870 
2.525910 -1.458330 
2.401787 -1.623766 
2.667232 -2.032143 
3.139643 -1.305357 
2.611958 -1.305357 
2.525910 -1.458330 
2.525910 -1.458330 
2.611958 -1.305357 
2.194821 -1.305357 
2.401787 -1.623766 
2.525910 -1.458330 
2.713900 -1.124130 
2.611958 -1.305357 
3.139643 -1.305357 
2.831337 -0.831040 
2.713900 -1.124130 
2.713900 -1.124130 
2.831337 -0.831040 
2.667232 -0.578571 
2.194821 -1.305357 
2.611958 -1.305357 
2.713900 -1.124130 
2.857530 -0.765670 
2.831337 -0.831040 
3.139643 -1.305357 
3.612054 -0.578571 
2.905272 -0.578571 
2.857530 -0.765670 
2.857530 -0.765670 
2.905272 -0.578571 
2.667232 -0.578571 
2.831337 -0.831040 
2.857530 -0.765670 
2.953680 -0.388860 
2.905272 -0.578571 
3.612054 -0.578571 
3.139643 0.148214 
2.990284 -0.081569 
2.953680 -0.388860 
2.953680 -0.388860 
2.990284 -0.081569 
2.667232 -0.578571 
2.905272 -0.578571 
2.953680 -0.388860 
3.000000 0.000000 
2.990284 -0.081569 
3.139643 0.148214 
2.998117 0.148214 
3.000000 0.000000 
3.000000 0.000000 
2.998117 0.148214 
2.194821 0.148214 
2.667232 -0.578571 
2.990284 -0.081569 
3.000000 0.000000 
2.994990 0.394300 
2.995295 0.370288 
3.139643 0.148214 
3.612054 0.875000 
2.913238 0.875000 
2.938020 0.787240 
2.994990 0.394300 
2.994990 0.394300 
2.938020 0.787240 
2.913238 0.875000 
2.667232 0.875000 
2.995295 0.370288 
2.994990 0.394300 
2.998117 0.148214 
3.139643 0.148214 
2.995295 0.370288 
2.998117 0.148214 
2.998117 0.148214 
2.995295 0.370288 
2.667232 0.875000 
2.194821 0.148214 
2.998117 0.148214 
2.829380 1.171970 
2.838733 1.138848 
3.139643 1.601786 
2.634391 1.601786 
2.670240 1.541670 
2.829380 1.171970 
2.829380 1.171970 
2.670240 1.541670 
2.634391 1.601786 
2.194821 1.601786 
2.667232 0.875000 
2.838733 1.138848 
2.829380 1.171970 
2.913238 0.875000 
3.612054 0.875000 
3.139643 1.601786 
2.838733 1.138848 
2.913238 0.875000 
2.913238 0.875000 
2.838733 1.138848 
2.667232 0.875000 
2.913238 0.875000 
2.462700 1.889700 
2.634391 1.601786 
3.139643 1.601786 
2.667232 2.328571 
2.418394 1.945743 
2.462700 1.889700 
2.462700 1.889700 
2.418394 1.945743 
2.194821 1.601786 
2.634391 1.601786 
2.462700 1.889700 
2.209710 2.209710 
2.418394 1.945743 
2.667232 2.328571 
2.087275 2.328571 
2.209710 2.209710 
2.209710 2.209710 
2.087275 2.328571 
1.722411 2.328571 
2.194821 1.601786 
2.418394 1.945743 
2.209710 2.209710 
1.915060 2.495760 
2.087275 2.328571 
2.667232 2.328571 
2.194821 3.055357 
1.858445 2.537855 
1.915060 2.495760 
1.915060 2.495760 
1.858445 2.537855 
1.722411 2.328571 
2.087275 2.328571 
1.915060 2.495760 
1.583330 2.742410 
1.858445 2.537855 
2.194821 3.055357 
1.250000 3.055357 
1.379701 2.855816 
1.583330 2.742410 
1.583330 2.742410 
1.379701 2.855816 
1.722411 2.328571 
1.858445 2.537855 
1.583330 2.742410 
1.219800 2.944870 
1.379701 2.855816 
1.250000 3.055357 
1.186700 2.957972 
1.219800 2.944870 
1.219800 2.944870 
1.186700 2.957972 
0.777589 2.328571 
1.722411 2.328571 
1.379701 2.855816 
1.219800 2.944870 
0.830380 3.099010 
0.940665 3.055357 
1.250000 3.055357 
0.777589 3.782143 
0.401678 3.203818 
0.421490 3.201540 
0.830380 3.099010 
0.830380 3.099010 
0.421490 3.201540 
0.401678 3.203818 
0.305179 3.055357 
0.940665 3.055357 
0.830380 3.099010 
1.186700 2.957972 
1.250000 3.055357 
0.940665 3.055357 
1.186700 2.957972 
1.186700 2.957972 
0.940665 3.055357 
0.305179 3.055357 
0.777589 2.328571 
1.186700 2.957972 
0.000000 3.250000 
0.193091 3.227800 
-0.167232 3.782143 
-0.527516 3.227860 
-0.426930 3.242850 
0.000000 3.250000 
0.000000 3.250000 
-0.426930 3.242850 
-0.527516 3.227860 
-0.639643 3.055357 
0.305179 3.055357 
0.193091 3.227800 
0.000000 3.250000 
0.193091 3.227800 
0.401678 3.203818 
0.777589 3.782143 
-0.167232 3.782143 
0.193091 3.227800 
0.193091 3.227800 
0.305179 3.055357 
0.401678 3.203818 
0.193091 3.227800 
-0.851950 3.179510 
-1.267640 3.060350 
-1.279116 3.055357 
-0.639643 3.055357 
-0.731965 3.197391 
-0.851950 3.179510 
-0.851950 3.179510 
-0.731965 3.197391 
-1.112054 3.782143 
-1.584464 3.055357 
-1.279116 3.055357 
-1.267640 3.060350 
-0.851950 3.179510 
-0.731965 3.197391 
-0.639643 3.055357 
-0.527516 3.227860 
-0.731965 3.197391 
-0.731965 3.197391 
-0.527516 3.227860 
-0.167232 3.782143 
-1.112054 3.782143 
-0.731965 3.197391 
-1.666670 2.886750 
-1.711644 2.859696 
-2.056875 2.328571 
-1.112054 2.328571 
-1.517151 2.951799 
-1.666670 2.886750 
-1.666670 2.886750 
-1.517151 2.951799 
-1.584464 3.055357 
-1.711644 2.859696 
-1.666670 2.886750 
-1.517151 2.951799 
-1.112054 2.328571 
-0.639643 3.055357 
-1.279116 3.055357 
-1.517151 2.951799 
-1.517151 2.951799 
-1.279116 3.055357 
-1.584464 3.055357 
-1.517151 2.951799 
-2.041890 2.661040 
-2.194136 2.539742 
-2.056875 2.328571 
-1.711644 2.859696 
-2.041890 2.661040 
-2.041890 2.661040 
-1.711644 2.859696 
-1.584464 3.055357 
-2.529286 3.055357 
-2.194136 2.539742 
-2.041890 2.661040 
-2.386490 2.386490 
-2.442299 2.328571 
-2.056875 2.328571 
-2.194136 2.539742 
-2.386490 2.386490 
-2.386490 2.386490 
-2.194136 2.539742 
-2.529286 3.055357 
-3.001696 2.328571 
-2.442299 2.328571 
-2.386490 2.386490 
-2.694100 2.067250 
-2.767327 1.968003 
-2.529286 1.601786 
-2.056875 2.328571 
-2.442299 2.328571 
-2.694100 2.067250 
-2.694100 2.067250 
-2.442299 2.328571 
-3.001696 2.328571 
-2.767327 1.968003 
-2.694100 2.067250 
-2.958920 1.708330 
-3.017749 1.601786 
-2.529286 1.601786 
-2.767327 1.968003 
-2.958920 1.708330 
-2.958920 1.708330 
-2.767327 1.968003 
-3.001696 2.328571 
-3.474107 1.601786 
-3.017749 1.601786 
-2.958920 1.708330 
-3.175840 1.315470 
-3.218012 1.207794 
-3.001696 0.875000 
-2.529286 1.601786 
-3.017749 1.601786 
-3.175840 1.315470 
-3.175840 1.315470 
-3.017749 1.601786 
-3.474107 1.601786 
-3.218012 1.207794 
-3.175840 1.315470 
-3.340490 0.895080 
-3.345449 0.875000 
-3.001696 0.875000 
-3.218012 1.207794 
-3.340490 0.895080 
-3.340490 0.895080 
-3.218012 1.207794 
-3.474107 1.601786 
-3.946518 0.875000 
-3.345449 0.875000 
-3.340490 0.895080 
-3.449400 0.454120 
-3.482113 0.160531 
-3.474107 0.148214 
-3.001696 0.875000 
-3.345449 0.875000 
-3.449400 0.454120 
-3.449400 0.454120 
-3.345449 0.875000 
-3.946518 0.875000 
-3.482113 0.160531 
-3.449400 0.454120 
-3.500000 0.000000 
-3.490710 -0.459560 
-3.472557 -0.578571 
-3.001696 -0.578571 
-3.474107 0.148214 
-3.485426 0.130801 
-3.500000 0.000000 
-3.500000 0.000000 
-3.485426 0.130801 
-3.570446 0.000000 
-3.500000 0.000000 
-3.485426 0.130801 
-3.474107 0.148214 
-3.483485 0.148214 
-3.485426 0.130801 
-3.485426 0.130801 
-3.483485 0.148214 
-4.418929 0.148214 
-4.322589 0.000000 
-3.570446 0.000000 
-3.485426 0.130801 
-3.483485 0.148214 
-3.474107 0.148214 
-3.482113 0.160531 
-3.483485 0.148214 
-3.483485 0.148214 
-3.482113 0.160531 
-3.946518 0.875000 
-4.418929 0.148214 
-3.483485 0.148214 
-3.420990 -0.916650 
-3.359383 -1.128859 
-3.001696 -0.578571 
-3.472557 -0.578571 
-3.420990 -0.916650 
-3.291320 -1.363310 
-3.103260 -1.791670 
-2.978836 -1.996973 
-2.529286 -1.305357 
-3.308144 -1.305357 
-3.291320 -1.363310 
-3.308144 -1.305357 
-2.529286 -1.305357 
-3.001696 -0.578571 
-3.359383 -1.128859 
-3.308144 -1.305357 
-2.859380 -2.194080 
-2.563260 -2.563260 
-2.463920 -2.658367 
-2.056875 -2.032143 
-2.957522 -2.032143 
-2.859380 -2.194080 
-2.957522 -2.032143 
-2.056875 -2.032143 
-2.529286 -1.305357 
-2.978836 -1.996973 
-2.957522 -2.032143 
-2.219440 -2.892430 
-1.848136 -3.164578 
-1.584464 -2.758929 
-2.358883 -2.758929 
-2.219440 -2.892430 
-2.358883 -2.758929 
-1.584464 -2.758929 
-2.056875 -2.032143 
-2.463920 -2.658367 
-2.358883 -2.758929 
-1.833330 -3.175430 
-1.411150 -3.406810 
-1.207826 -3.485714 
-1.112054 -3.485714 
-1.584464 -2.758929 
-1.848136 -3.164578 
-1.833330 -3.175430 
-0.959790 -3.581970 
-0.486750 -3.697260 
-0.316712 -3.715684 
-0.167232 -3.485714 
-1.112054 -3.485714 
-1.079746 -3.535419 
-0.959790 -3.581970 
-1.131346 -3.515394 
-1.079746 -3.535419 
-1.112054 -3.485714 
-1.131346 -3.515394 
-1.131346 -3.515394 
-1.112054 -3.485714 
-1.207826 -3.485714 
-1.131346 -3.515394 
0.000000 -3.750000 
0.004486 -3.749896 
-0.167232 -3.485714 
-0.316712 -3.715684 
0.000000 -3.750000 
0.492190 -3.738570 
0.626850 -3.717621 
0.777589 -3.485714 
-0.167232 -3.485714 
0.004486 -3.749896 
0.492190 -3.738570 
0.981360 -3.662470 
1.458980 -3.522290 
1.541636 -3.485714 
0.777589 -3.485714 
0.900643 -3.675027 
0.981360 -3.662470 
0.626850 -3.717621 
0.900643 -3.675027 
0.777589 -3.485714 
0.626850 -3.717621 
1.916670 -3.319760 
2.346270 -3.057720 
2.374324 -3.035087 
2.194821 -2.758929 
1.795400 -3.373422 
1.916670 -3.319760 
1.541636 -3.485714 
1.682030 -3.423589 
1.250000 -2.758929 
0.777589 -3.485714 
1.541636 -3.485714 
1.682030 -3.423589 
1.795400 -3.373422 
2.194821 -2.758929 
1.250000 -2.758929 
1.682030 -3.423589 
2.740040 -2.740040 
2.970212 -2.498265 
2.667232 -2.032143 
2.194821 -2.758929 
2.716627 -2.758929 
2.740040 -2.740040 
2.374324 -3.035087 
2.716627 -2.758929 
2.194821 -2.758929 
2.374324 -3.035087 
3.090770 -2.371630 
3.338145 -2.032143 
2.667232 -2.032143 
2.970212 -2.498265 
3.090770 -2.371630 
3.391930 -1.958330 
3.470401 -1.814216 
3.139643 -1.305357 
2.667232 -2.032143 
3.338145 -2.032143 
3.391930 -1.958330 
3.637780 -1.506820 
3.715336 -1.305357 
3.139643 -1.305357 
3.470401 -1.814216 
3.637780 -1.506820 
3.823460 -1.024490 
3.844668 -0.936440 
3.612054 -0.578571 
3.139643 -1.305357 
3.715336 -1.305357 
3.823460 -1.024490 
3.945120 -0.519390 
4.000000 0.000000 
3.999546 0.017570 
3.612054 -0.578571 
3.930865 -0.578571 
3.945120 -0.519390 
3.844668 -0.936440 
3.930865 -0.578571 
3.612054 -0.578571 
3.844668 -0.936440 
3.986430 0.524820 
3.931018 0.875000 
3.612054 0.875000 
3.992510 0.289683 
3.986430 0.524820 
3.999546 0.017570 
3.996168 0.148214 
3.139643 0.148214 
3.612054 -0.578571 
3.999546 0.017570 
3.996168 0.148214 
3.992510 0.289683 
3.612054 0.875000 
3.139643 0.148214 
3.996168 0.148214 
3.903950 1.046060 
3.847369 1.237024 
3.612054 0.875000 
3.931018 0.875000 
3.903950 1.046060 
3.753260 1.554650 
3.732259 1.601786 
3.139643 1.601786 
3.612054 0.875000 
3.847369 1.237024 
3.753260 1.554650 
3.536270 2.041670 
3.482520 2.129289 
3.139643 1.601786 
3.732259 1.601786 
3.536270 2.041670 
3.256050 2.498460 
2.990517 2.825932 
2.667232 2.328571 
3.360269 2.328571 
3.256050 2.498460 
3.482520 2.129289 
3.360269 2.328571 
2.667232 2.328571 
3.139643 1.601786 
3.482520 2.129289 
2.916820 2.916820 
2.770576 3.055357 
2.194821 3.055357 
2.667232 2.328571 
2.990517 2.825932 
2.916820 2.916820 
2.523820 3.289110 
2.403471 3.376356 
2.194821 3.055357 
2.770576 3.055357 
2.523820 3.289110 
2.083330 3.608440 
1.762469 3.782143 
1.722411 3.782143 
2.194821 3.055357 
2.403471 3.376356 
2.083330 3.608440 
1.602490 3.868750 
1.089200 4.064940 
0.978552 4.091316 
0.777589 3.782143 
1.722411 3.782143 
1.700661 3.815603 
1.602490 3.868750 
1.762469 3.782143 
1.732838 3.798184 
1.722411 3.782143 
1.762469 3.782143 
1.700661 3.815603 
1.722411 3.782143 
1.732838 3.798184 
1.700661 3.815603 
0.552020 4.192990 
0.507554 4.197582 
0.777589 3.782143 
0.978552 4.091316 
0.552020 4.192990 
0.000000 4.250000 
-0.462866 4.236964 
-0.167232 3.782143 
0.128265 4.236753 
0.000000 4.250000 
0.128265 4.236753 
-0.167232 3.782143 
0.777589 3.782143 
0.507554 4.197582 
0.128265 4.236753 
-0.557460 4.234300 
-0.848540 4.187548 
-1.112054 3.782143 
-0.167232 3.782143 
-0.462866 4.236964 
-0.557460 4.234300 
-1.110770 4.145430 
-1.309581 4.086032 
-1.112054 3.782143 
-0.848540 4.187548 
-1.110770 4.145430 
-1.650320 3.984230 
-2.038666 3.810157 
-2.056875 3.782143 
-1.112054 3.782143 
-1.309581 4.086032 
-1.650320 3.984230 
-2.166670 3.752780 
-2.650650 3.454390 
-2.740882 3.380891 
-2.529286 3.055357 
-2.056875 3.782143 
-2.101163 3.782143 
-2.166670 3.752780 
-2.101163 3.782143 
-2.056875 3.782143 
-2.066867 3.797516 
-2.101163 3.782143 
-2.066867 3.797516 
-2.056875 3.782143 
-2.038666 3.810157 
-2.066867 3.797516 
-3.093590 3.093590 
-3.129651 3.055357 
-2.529286 3.055357 
-2.740882 3.380891 
-3.093590 3.093590 
-3.487450 2.676010 
-3.738178 2.328571 
-3.001696 2.328571 
-3.333574 2.839153 
-3.487450 2.676010 
-3.333574 2.839153 
-3.001696 2.328571 
-2.529286 3.055357 
-3.129651 3.055357 
-3.333574 2.839153 
-3.824950 2.208330 
-3.844621 2.171807 
-3.474107 1.601786 
-3.001696 2.328571 
-3.738178 2.328571 
-3.824950 2.208330 
-4.099720 1.698160 
-4.136321 1.601786 
-3.474107 1.601786 
-3.844621 2.171807 
-4.099720 1.698160 
-4.306420 1.153900 
-4.372283 0.875000 
-3.946518 0.875000 
-4.240546 1.327351 
-4.306420 1.153900 
-4.240546 1.327351 
-3.946518 0.875000 
-3.474107 1.601786 
-4.136321 1.601786 
-4.240546 1.327351 
-4.440850 0.584650 
-4.476105 0.236179 
-4.418929 0.148214 
-3.946518 0.875000 
-4.372283 0.875000 
-4.440850 0.584650 
-4.500000 0.000000 
-4.322589 0.000000 
-4.418929 0.148214 
-4.497186 0.027819 
-4.500000 0.000000 
-4.497186 0.027819 
-4.418929 0.148214 
-4.485005 0.148214 
-4.497186 0.027819 
-4.485005 0.148214 
-4.418929 0.148214 
-4.476105 0.236179 
-4.485005 0.148214 
7.000000 4.500000 
7.000000 4.508929 
6.918929 4.508929 
6.924732 4.500000 
7.000000 4.500000 
-4.500000 4.500000 
-4.424732 4.500000 
-4.418929 4.508929 
-4.500000 4.508929 
-4.500000 4.500000 
-4.424732 4.500000 
-4.413125 4.500000 
-4.418929 4.508929 
-4.424732 4.500000 
-4.413125 4.500000 
-3.479911 4.500000 
-3.474107 4.508929 
-4.418929 4.508929 
-4.413125 4.500000 
-3.479911 4.500000 
-3.468304 4.500000 
-3.474107 4.508929 
-3.479911 4.500000 
-3.468304 4.500000 
-2.535089 4.500000 
-2.529286 4.508929 
-3.474107 4.508929 
-3.468304 4.500000 
-2.535089 4.500000 
-2.523482 4.500000 
-2.529286 4.508929 
-2.535089 4.500000 
-2.523482 4.500000 
-1.590268 4.500000 
-1.584464 4.508929 
-2.529286 4.508929 
-2.523482 4.500000 
-1.590268 4.500000 
-1.578661 4.500000 
-1.584464 4.508929 
-1.590268 4.500000 
-1.578661 4.500000 
-0.645446 4.500000 
-0.639643 4.508929 
-1.584464 4.508929 
-1.578661 4.500000 
-0.645446 4.500000 
-0.633839 4.500000 
-0.639643 4.508929 
-0.645446 4.500000 
-0.633839 4.500000 
0.299375 4.500000 
0.305179 4.508929 
-0.639643 4.508929 
-0.633839 4.500000 
0.299375 4.500000 
0.310982 4.500000 
0.305179 4.508929 
0.299375 4.500000 
0.310982 4.500000 
1.244196 4.500000 
1.250000 4.508929 
0.305179 4.508929 
0.310982 4.500000 
1.244196 4.500000 
1.255804 4.500000 
1.250000 4.508929 
1.244196 4.500000 
1.255804 4.500000 
2.189018 4.500000 
2.194821 4.508929 
1.250000 4.508929 
1.255804 4.500000 
2.189018 4.500000 
2.200625 4.500000 
2.194821 4.508929 
2.189018 4.500000 
2.200625 4.500000 
3.133839 4.500000 
3.139643 4.508929 
2.194821 4.508929 
2.200625 4.500000 
3.133839 4.500000 
3.145446 4.500000 
3.139643 4.508929 
3.133839 4.500000 
3.145446 4.500000 
4.078661 4.500000 
4.084464 4.508929 
3.139643 4.508929 
3.145446 4.500000 
4.078661 4.500000 
4.090268 4.500000 
4.084464 4.508929 
4.078661 4.500000 
4.090268 4.500000 
5.023482 4.500000 
5.029286 4.508929 
4.084464 4.508929 
4.090268 4.500000 
5.023482 4.500000 
5.035089 4.500000 
5.029286 4.508929 
5.023482 4.500000 
5.035089 4.500000 
5.968304 4.500000 
5.974107 4.508929 
5.029286 4.508929 
5.035089 4.500000 
5.968304 4.500000 
5.979911 4.500000 
5.974107 4.508929 
5.968304 4.500000 
5.979911 4.500000 
6.913125 4.500000 
6.918929 4.508929 
5.974107 4.508929 
5.979911 4.500000 
6.913125 4.500000 
6.924732 4.500000 
6.918929 4.508929 
6.913125 4.500000 
7.000000 5.500000 
6.618304 5.500000 
6.446518 5.235714 
7.000000 5.235714 
7.000000 5.500000 
7.000000 4.508929 
7.000000 4.633654 
6.918929 4.508929 
7.000000 4.508929 
7.000000 4.633654 
7.000000 5.235714 
6.446518 5.235714 
6.918929 4.508929 
7.000000 4.633654 
-4.500000 5.500000 
-4.500000 5.235714 
-3.946518 5.235714 
-4.118304 5.500000 
-4.500000 5.500000 
-4.118304 5.500000 
-3.946518 5.235714 
-3.774732 5.500000 
-4.118304 5.500000 
-3.774732 5.500000 
-3.946518 5.235714 
-3.001696 5.235714 
-3.173482 5.500000 
-3.774732 5.500000 
-3.173482 5.500000 
-3.001696 5.235714 
-2.829911 5.500000 
-3.173482 5.500000 
-2.829911 5.500000 
-3.001696 5.235714 
-2.056875 5.235714 
-2.228661 5.500000 
-2.829911 5.500000 
-2.228661 5.500000 
-2.056875 5.235714 
-1.885089 5.500000 
-2.228661 5.500000 
-1.885089 5.500000 
-2.056875 5.235714 
-1.112054 5.235714 
-1.283839 5.500000 
-1.885089 5.500000 
-1.283839 5.500000 
-1.112054 5.235714 
-0.940268 5.500000 
-1.283839 5.500000 
-0.940268 5.500000 
-1.112054 5.235714 
-0.167232 5.235714 
-0.339018 5.500000 
-0.940268 5.500000 
-0.339018 5.500000 
-0.167232 5.235714 
0.004554 5.500000 
-0.339018 5.500000 
0.004554 5.500000 
-0.167232 5.235714 
0.777589 5.235714 
0.605804 5.500000 
0.004554 5.500000 
0.605804 5.500000 
0.777589 5.235714 
0.949375 5.500000 
0.605804 5.500000 
0.949375 5.500000 
0.777589 5.235714 
1.722411 5.235714 
1.550625 5.500000 
0.949375 5.500000 
1.550625 5.500000 
1.722411 5.235714 
1.894196 5.500000 
1.550625 5.500000 
1.894196 5.500000 
1.722411 5.235714 
2.667232 5.235714 
2.495446 5.500000 
1.894196 5.500000 
2.495446 5.500000 
2.667232 5.235714 
2.839018 5.500000 
2.495446 5.500000 
2.839018 5.500000 
2.667232 5.235714 
3.612054 5.235714 
3.440268 5.500000 
2.839018 5.500000 
3.440268 5.500000 
3.612054 5.235714 
3.783839 5.500000 
3.440268 5.500000 
3.783839 5.500000 
3.612054 5.235714 
4.556875 5.235714 
4.385089 5.500000 
3.783839 5.500000 
4.385089 5.500000 
4.556875 5.235714 
4.728661 5.500000 
4.385089 5.500000 
4.728661 5.500000 
4.556875 5.235714 
5.501696 5.235714 
5.329911 5.500000 
4.728661 5.500000 
5.329911 5.500000 
5.501696 5.235714 
5.673482 5.500000 
5.329911 5.500000 
5.673482 5.500000 
5.501696 5.235714 
6.446518 5.235714 
6.274732 5.500000 
5.673482 5.500000 
6.274732 5.500000 
6.446518 5.235714 
6.618304 5.500000 
6.274732 5.500000 
-4.500000 4.508929 
-4.418929 4.508929 
-4.500000 4.633654 
-4.500000 4.508929 
-4.500000 4.633654 
-4.418929 4.508929 
-3.946518 5.235714 
-4.500000 5.235714 
-4.500000 4.633654 
-1.112054 -3.485714 
-0.167232 -3.485714 
-0.639643 -2.758929 
-1.112054 -3.485714 
-1.112054 -3.485714 
-0.639643 -2.758929 
-1.584464 -2.758929 
-1.112054 -3.485714 
-0.167232 -3.485714 
0.777589 -3.485714 
0.305179 -2.758929 
-0.167232 -3.485714 
-0.167232 -3.485714 
0.305179 -2.758929 
-0.639643 -2.758929 
-0.167232 -3.485714 
0.777589 -3.485714 
1.250000 -2.758929 
0.305179 -2.758929 
0.777589 -3.485714 
-1.112054 -2.032143 
-0.167232 -2.032143 
-0.639643 -1.305357 
-1.112054 -2.032143 
-1.112054 -2.032143 
-0.639643 -1.305357 
-1.584464 -1.305357 
-1.112054 -2.032143 
-0.167232 -2.032143 
0.777589 -2.032143 
0.305179 -1.305357 
-0.167232 -2.032143 
-0.167232 -2.032143 
0.305179 -1.305357 
-0.639643 -1.305357 
-0.167232 -2.032143 
0.777589 -2.032143 
1.722411 -2.032143 
1.250000 -1.305357 
0.777589 -2.032143 
0.777589 -2.032143 
1.250000 -1.305357 
0.305179 -1.305357 
0.777589 -2.032143 
1.722411 -2.032143 
2.194821 -1.305357 
1.250000 -1.305357 
1.722411 -2.032143 
-1.584464 -1.305357 
-0.639643 -1.305357 
-1.112054 -0.578571 
-1.584464 -1.305357 
-1.584464 -1.305357 
-1.112054 -0.578571 
-2.056875 -0.578571 
-1.584464 -1.305357 
-0.639643 -1.305357 
0.305179 -1.305357 
-0.167232 -0.578571 
-0.639643 -1.305357 
-0.639643 -1.305357 
-0.167232 -0.578571 
-1.112054 -0.578571 
-0.639643 -1.305357 
0.305179 -1.305357 
1.250000 -1.305357 
0.777589 -0.578571 
0.305179 -1.305357 
0.305179 -1.305357 
0.777589 -0.578571 
-0.167232 -0.578571 
0.305179 -1.305357 
1.250000 -1.305357 
2.194821 -1.305357 
1.722411 -0.578571 
1.250000 -1.305357 
1.250000 -1.305357 
1.722411 -0.578571 
0.777589 -0.578571 
1.250000 -1.305357 
2.194821 -1.305357 
2.667232 -0.578571 
1.722411 -0.578571 
2.194821 -1.305357 
-3.001696 -0.578571 
-2.529286 0.148214 
-3.474107 0.148214 
-3.001696 -0.578571 
-2.056875 -0.578571 
-1.112054 -0.578571 
-1.584464 0.148214 
-2.056875 -0.578571 
-1.112054 -0.578571 
-0.167232 -0.578571 
-0.639643 0.148214 
-1.112054 -0.578571 
-1.112054 -0.578571 
-0.639643 0.148214 
-1.584464 0.148214 
-1.112054 -0.578571 
-0.167232 -0.578571 
0.777589 -0.578571 
0.305179 0.148214 
-0.167232 -0.578571 
-0.167232 -0.578571 
0.305179 0.148214 
-0.639643 0.148214 
-0.167232 -0.578571 
0.777589 -0.578571 
1.722411 -0.578571 
1.250000 0.148214 
0.777589 -0.578571 
0.777589 -0.578571 
1.250000 0.148214 
0.305179 0.148214 
0.777589 -0.578571 
1.722411 -0.578571 
2.667232 -0.578571 
2.194821 0.148214 
1.722411 -0.578571 
1.722411 -0.578571 
2.194821 0.148214 
1.250000 0.148214 
1.722411 -0.578571 
-3.474107 0.148214 
-2.529286 0.148214 
-3.001696 0.875000 
-3.474107 0.148214 
-1.584464 0.148214 
-0.639643 0.148214 
-1.112054 0.875000 
-1.584464 0.148214 
-1.584464 0.148214 
-1.112054 0.875000 
-2.056875 0.875000 
-1.584464 0.148214 
-0.639643 0.148214 
0.305179 0.148214 
-0.167232 0.875000 
-0.639643 0.148214 
-0.639643 0.148214 
-0.167232 0.875000 
-1.112054 0.875000 
-0.639643 0.148214 
0.305179 0.148214 
1.250000 0.148214 
0.777589 0.875000 
0.305179 0.148214 
0.305179 0.148214 
0.777589 0.875000 
-0.167232 0.875000 
0.305179 0.148214 
1.250000 0.148214 
1.722411 0.875000 
0.777589 0.875000 
1.250000 0.148214 
-2.056875 0.875000 
-1.112054 0.875000 
-1.584464 1.601786 
-2.056875 0.875000 
-1.112054 0.875000 
-0.167232 0.875000 
-0.639643 1.601786 
-1.112054 0.875000 
-1.112054 0.875000 
-0.639643 1.601786 
-1.584464 1.601786 
-1.112054 0.875000 
-0.167232 0.875000 
0.777589 0.875000 
0.305179 1.601786 
-0.167232 0.875000 
-0.167232 0.875000 
0.305179 1.601786 
-0.639643 1.601786 
-0.167232 0.875000 
0.777589 0.875000 
1.722411 0.875000 
1.250000 1.601786 
0.777589 0.875000 
0.777589 0.875000 
1.250000 1.601786 
0.305179 1.601786 
0.777589 0.875000 
-1.112054 2.328571 
-0.167232 2.328571 
-0.639643 3.055357 
-1.112054 2.328571 
-0.167232 2.328571 
0.777589 2.328571 
0.305179 3.055357 
-0.167232 2.328571 
-0.167232 2.328571 
0.305179 3.055357 
-0.639643 3.055357 
-0.167232 2.328571 
-2.529286 3.055357 
-1.584464 3.055357 
-2.056875 3.782143 
-2.529286 3.055357 
-1.584464 3.055357 
-1.112054 3.782143 
-2.056875 3.782143 
-1.584464 3.055357 
1.250000 3.055357 
2.194821 3.055357 
1.722411 3.782143 
1.250000 3.055357 
1.250000 3.055357 
1.722411 3.782143 
0.777589 3.782143 
1.250000 3.055357 
-4.418929 4.508929 
-3.474107 4.508929 
-3.946518 5.235714 
-4.418929 4.508929 
-3.474107 4.508929 
-2.529286 4.508929 
-3.001696 5.235714 
-3.474107 4.508929 
-3.474107 4.508929 
-3.001696 5.235714 
-3.946518 5.235714 
-3.474107 4.508929 
-2.529286 4.508929 
-1.584464 4.508929 
-2.056875 5.235714 
-2.529286 4.508929 
-2.529286 4.508929 
-2.056875 5.235714 
-3.001696 5.235714 
-2.529286 4.508929 
-1.584464 4.508929 
-0.639643 4.508929 
-1.112054 5.235714 
-1.584464 4.508929 
-1.584464 4.508929 
-1.112054 5.235714 
-2.056875 5.235714 
-1.584464 4.508929 
-0.639643 4.508929 
0.305179 4.508929 
-0.167232 5.235714 
-0.639643 4.508929 
-0.639643 4.508929 
-0.167232 5.235714 
-1.112054 5.235714 
-0.639643 4.508929 
0.305179 4.508929 
1.250000 4.508929 
0.777589 5.235714 
0.305179 4.508929 
0.305179 4.508929 
0.777589 5.235714 
-0.167232 5.235714 
0.305179 4.508929 
1.250000 4.508929 
2.194821 4.508929 
1.722411 5.235714 
1.250000 4.508929 
1.250000 4.508929 
1.722411 5.235714 
0.777589 5.235714 
1.250000 4.508929 
2.194821 4.508929 
3.139643 4.508929 
2.667232 5.235714 
2.194821 4.508929 
2.194821 4.508929 
2.667232 5.235714 
1.722411 5.235714 
2.194821 4.508929 
3.139643 4.508929 
4.084464 4.508929 
3.612054 5.235714 
3.139643 4.508929 
3.139643 4.508929 
3.612054 5.235714 
2.667232 5.235714 
3.139643 4.508929 
4.084464 4.508929 
5.029286 4.508929 
4.556875 5.235714 
4.084464 4.508929 
4.084464 4.508929 
4.556875 5.235714 
3.612054 5.235714 
4.084464 4.508929 
5.029286 4.508929 
5.974107 4.508929 
5.501696 5.235714 
5.029286 4.508929 
5.029286 4.508929 
5.501696 5.235714 
4.556875 5.235714 
5.029286 4.508929 
5.974107 4.508929 
6.918929 4.508929 
6.446518 5.235714 
5.974107 4.508929 
5.974107 4.508929 
6.446518 5.235714 
5.501696 5.235714 
5.974107 4.508929 
-1.584464 -4.212500 
-0.639643 -4.212500 
0.305179 -4.212500 
1.250000 -4.212500 
-2.056875 -3.485714 
-1.112054 -3.485714 
-0.167232 -3.485714 
0.777589 -3.485714 
1.722411 -3.485714 
2.667232 -3.485714 
-2.529286 -2.758929 
-1.584464 -2.758929 
-1.584464 -2.758929 
-0.639643 -2.758929 
-0.639643 -2.758929 
0.305179 -2.758929 
0.305179 -2.758929 
1.250000 -2.758929 
1.250000 -2.758929 
2.194821 -2.758929 
2.194821 -2.758929 
3.139643 -2.758929 
-3.001696 -2.032143 
-2.056875 -2.032143 
-2.056875 -2.032143 
-1.112054 -2.032143 
-1.112054 -2.032143 
-0.167232 -2.032143 
-0.167232 -2.032143 
0.777589 -2.032143 
0.777589 -2.032143 
1.722411 -2.032143 
1.722411 -2.032143 
2.667232 -2.032143 
2.667232 -2.032143 
3.612054 -2.032143 
-3.474107 -1.305357 
-2.529286 -1.305357 
-2.529286 -1.305357 
-1.584464 -1.305357 
-1.584464 -1.305357 
-0.639643 -1.305357 
0.305179 -1.305357 
1.250000 -1.305357 
2.194821 -1.305357 
2.194821 -1.305357 
3.139643 -1.305357 
3.139643 -1.305357 
4.084464 -1.305357 
-4.891339 -0.578571 
-3.946518 -0.578571 
-3.946518 -0.578571 
-3.001696 -0.578571 
-3.001696 -0.578571 
-2.056875 -0.578571 
-2.056875 -0.578571 
-1.112054 -0.578571 
-0.167232 -0.578571 
0.777589 -0.578571 
1.722411 -0.578571 
2.667232 -0.578571 
2.667232 -0.578571 
3.612054 -0.578571 
3.612054 -0.578571 
4.556875 -0.578571 
-5.363750 0.148214 
-4.418929 0.148214 
-4.418929 0.148214 
-3.474107 0.148214 
-3.474107 0.148214 
-2.529286 0.148214 
-2.529286 0.148214 
-1.584464 0.148214 
-1.584464 0.148214 
-0.639643 0.148214 
0.305179 0.148214 
1.250000 0.148214 
2.194821 0.148214 
2.194821 0.148214 
3.139643 0.148214 
3.139643 0.148214 
4.084464 0.148214 
-4.891339 0.875000 
-3.946518 0.875000 
-3.946518 0.875000 
-3.001696 0.875000 
-3.001696 0.875000 
-3.001696 0.875000 
-2.056875 0.875000 
-2.056875 0.875000 
-1.112054 0.875000 
-0.167232 0.875000 
0.777589 0.875000 
1.722411 0.875000 
2.667232 0.875000 
2.667232 0.875000 
2.667232 0.875000 
3.612054 0.875000 
3.612054 0.875000 
4.556875 0.875000 
-4.418929 1.601786 
-3.474107 1.601786 
-3.474107 1.601786 
-2.529286 1.601786 
-2.529286 1.601786 
-2.529286 1.601786 
-1.584464 1.601786 
-1.584464 1.601786 
-0.639643 1.601786 
-0.639643 1.601786 
0.305179 1.601786 
0.305179 1.601786 
1.250000 1.601786 
1.250000 1.601786 
2.194821 1.601786 
2.194821 1.601786 
2.194821 1.601786 
3.139643 1.601786 
3.139643 1.601786 
4.084464 1.601786 
-3.946518 2.328571 
-3.001696 2.328571 
-3.001696 2.328571 
-2.056875 2.328571 
-2.056875 2.328571 
-2.056875 2.328571 
-1.112054 2.328571 
-1.112054 2.328571 
-1.112054 2.328571 
-0.167232 2.328571 
-0.167232 2.328571 
0.777589 2.328571 
0.777589 2.328571 
0.777589 2.328571 
1.722411 2.328571 
1.722411 2.328571 
1.722411 2.328571 
2.667232 2.328571 
2.667232 2.328571 
3.612054 2.328571 
-3.474107 3.055357 
-2.529286 3.055357 
-2.529286 3.055357 
-1.584464 3.055357 
-1.584464 3.055357 
-0.639643 3.055357 
-0.639643 3.055357 
0.305179 3.055357 
0.305179 3.055357 
1.250000 3.055357 
1.250000 3.055357 
2.194821 3.055357 
2.194821 3.055357 
3.139643 3.055357 
-4.891339 3.782143 
-3.946518 3.782143 
-3.001696 3.782143 
-3.001696 3.782143 
-2.056875 3.782143 
-2.056875 3.782143 
-1.112054 3.782143 
-1.112054 3.782143 
-1.112054 3.782143 
-0.167232 3.782143 
-0.167232 3.782143 
-0.167232 3.782143 
0.777589 3.782143 
0.777589 3.782143 
0.777589 3.782143 
1.722411 3.782143 
1.722411 3.782143 
2.667232 3.782143 
2.667232 3.782143 
3.612054 3.782143 
4.556875 3.782143 
5.501696 3.782143 
6.446518 3.782143 
7.391339 3.782143 
-5.363750 4.508929 
-4.418929 4.508929 
-3.474107 4.508929 
-2.529286 4.508929 
-2.529286 4.508929 
-1.584464 4.508929 
-1.584464 4.508929 
-0.639643 4.508929 
-0.639643 4.508929 
0.305179 4.508929 
0.305179 4.508929 
1.250000 4.508929 
1.250000 4.508929 
2.194821 4.508929 
2.194821 4.508929 
3.139643 4.508929 
4.084464 4.508929 
5.029286 4.508929 
5.974107 4.508929 
6.918929 4.508929 
7.863750 4.508929 
-4.891339 5.235714 
-3.946518 5.235714 
-3.001696 5.235714 
-2.056875 5.235714 
-1.112054 5.235714 
-0.167232 5.235714 
0.777589 5.235714 
1.722411 5.235714 
2.667232 5.235714 
3.612054 5.235714 
4.556875 5.235714 
5.501696 5.235714 
6.446518 5.235714 
7.391339 5.235714 
-4.418929 5.962500 
-3.474107 5.962500 
-2.529286 5.962500 
-1.584464 5.962500 
-0.639643 5.962500 
0.305179 5.962500 
1.250000 5.962500 
2.194821 5.962500 
3.139643 5.962500 
4.084464 5.962500 
5.029286 5.962500 
5.974107 5.962500 
6.918929 5.962500 
1 2 6 
2 3 7 
3 4 8 
5 1 6 
6 2 7 
7 3 8 
8 4 9 
5 6 12 
6 7 14 
7 8 16 
8 9 18 
9 10 20 
11 5 12 
12 6 14 
14 7 16 
16 8 18 
18 9 20 
20 10 22 
11 12 24 
13 15 26 
12 14 27 
15 17 28 
14 16 29 
16 18 30 
17 19 31 
18 20 32 
19 21 33 
20 22 34 
23 11 24 
25 13 26 
24 12 27 
26 15 28 
27 14 29 
29 16 30 
28 17 31 
30 18 32 
31 19 33 
32 20 34 
33 21 35 
34 22 36 
23 24 38 
25 26 40 
24 27 41 
26 28 42 
28 31 43 
31 33 44 
32 34 45 
33 35 46 
34 36 47 
37 23 38 
39 25 40 
38 24 41 
40 26 42 
42 28 43 
43 31 44 
44 33 46 
45 34 47 
46 35 48 
47 36 49 
37 38 53 
39 40 55 
38 41 56 
40 42 57 
42 43 58 
43 44 59 
44 46 60 
45 47 61 
46 48 62 
47 49 63 
51 37 53 
54 39 55 
53 38 56 
55 40 57 
57 42 58 
58 43 59 
59 44 60 
60 46 62 
61 47 63 
62 48 64 
63 49 65 
50 52 67 
51 53 69 
67 52 70 
54 55 71 
53 56 72 
55 57 73 
57 58 75 
58 59 76 
59 60 77 
60 62 78 
61 63 80 
62 64 81 
63 65 82 
66 50 67 
68 51 69 
67 52 70 
69 53 72 
71 55 73 
72 56 74 
73 57 75 
75 58 76 
76 59 77 
77 60 78 
79 61 80 
78 62 81 
80 63 82 
66 67 83 
68 69 84 
67 70 85 
69 72 86 
71 73 89 
72 74 90 
73 75 91 
75 76 92 
76 77 93 
77 78 94 
79 80 95 
78 81 96 
80 82 98 
83 67 85 
84 69 86 
85 70 87 
88 71 89 
86 72 90 
89 73 91 
91 75 92 
92 76 93 
93 77 94 
94 78 96 
94 78 97 
95 80 98 
96 81 99 
98 82 100 
83 85 101 
84 86 102 
85 87 103 
88 89 104 
86 90 105 
89 91 107 
91 92 109 
92 93 111 
93 94 113 
94 96 115 
94 97 116 
95 98 118 
96 99 119 
98 100 120 
101 85 103 
102 86 105 
103 87 106 
104 89 107 
105 90 108 
107 91 109 
109 92 111 
111 93 113 
114 94 115 
113 94 116 
117 95 118 
115 96 119 
118 98 120 
101 103 121 
102 105 122 
103 106 123 
104 107 124 
105 108 125 
107 109 127 
108 110 128 
110 112 130 
109 111 131 
112 114 132 
111 113 133 
114 115 135 
113 116 136 
117 118 138 
115 119 139 
118 120 140 
121 103 123 
122 105 125 
123 106 126 
124 107 127 
125 108 128 
128 110 130 
127 109 131 
130 112 132 
131 111 133 
132 114 135 
133 113 136 
137 117 138 
135 115 139 
138 118 140 
121 123 141 
122 125 142 
123 126 143 
125 128 144 
126 129 145 
128 130 146 
130 132 148 
134 137 150 
132 135 151 
137 138 152 
135 139 153 
138 140 154 
141 123 143 
142 125 144 
143 126 145 
144 128 146 
145 129 147 
146 130 148 
149 134 150 
148 132 151 
150 137 152 
151 135 153 
152 138 154 
141 143 157 
143 145 159 
144 146 161 
145 147 162 
147 149 164 
146 148 165 
149 150 167 
148 151 168 
150 152 170 
152 154 172 
157 143 159 
159 145 162 
161 146 165 
162 147 164 
164 149 167 
165 148 168 
167 150 170 
170 152 172 
155 156 180 
156 158 181 
157 159 182 
158 160 183 
159 162 184 
160 163 185 
162 164 186 
163 166 187 
164 167 188 
166 169 189 
167 170 190 
169 171 191 
170 172 192 
171 173 193 
173 174 194 
174 175 195 
175 176 196 
176 177 197 
177 178 198 
179 155 180 
180 156 181 
181 158 183 
182 159 184 
183 160 185 
184 162 186 
185 163 187 
186 164 188 
187 166 189 
188 167 190 
189 169 191 
190 170 192 
191 171 193 
193 173 194 
194 174 195 
195 175 196 
196 176 197 
197 177 198 
198 178 199 
179 180 200 
180 181 201 
181 183 202 
183 185 203 
185 187 204 
187 189 205 
189 191 206 
191 193 207 
193 194 208 
194 195 209 
195 196 210 
196 197 211 
197 198 212 
198 199 213 
200 180 201 
201 181 202 
202 183 203 
203 185 204 
204 187 205 
205 189 206 
206 191 207 
207 193 208 
208 194 209 
209 195 210 
210 196 211 
211 197 212 
212 198 213 
200 201 214 
201 202 215 
202 203 216 
203 204 217 
204 205 218 
205 206 219 
206 207 220 
207 208 221 
208 209 222 
209 210 223 
210 211 224 
211 212 225 
212 213 226 
214 201 215 
215 202 216 
216 203 217 
217 204 218 
218 205 219 
219 206 220 
220 207 221 
221 208 222 
222 209 223 
223 210 224 
224 211 225 
225 212 226 
1 379 
381 440 
6 1 
1 1 
12 1 
8 1 
9 1 
39 1 
32 1 
26 1 
27 1 
28 1 
61 1 
54 1 
50 1 
51 1 
74 1 
70 1 
89 1 
84 1 
85 1 
86 1 
113 1 
104 1 
99 1 
100 1 
101 1 
119 1 
115 1 
129 1 
126 1 
140 1 
137 1 
153 1 
148 1 
149 1 
164 1 
161 1 
176 1 
172 1 
173 1 
210 1 
201 1 
189 1 
185 1 
186 1 
220 1 
216 1 
217 1 
233 1 
229 1 
243 1 
240 1 
255 1 
251 1 
266 1 
262 1 
263 1 
278 1 
275 1 
290 1 
286 1 
301 1 
297 1 
298 1 
329 1 
323 1 
318 1 
319 1 
320 1 
343 1 
339 1 
354 1 
351 1 
365 1 
362 1 
376 1 
372 1 
387 1 
384 1 
398 1 
394 1 
409 1 
406 1 
420 1 
417 1 
431 1 
427 1 
450 1 
444 1 
440 1 
441 1 
473 1 
466 1 
461 1 
462 1 
486 1 
483 1 
497 1 
493 1 
508 1 
505 1 
519 1 
516 1 
530 1 
526 1 
549 1 
543 1 
539 1 
540 1 
574 1 
565 1 
560 1 
561 1 
591 1 
580 1 
576 1 
577 1 
612 1 
602 1 
598 1 
621 1 
618 1 
632 1 
629 1 
644 1 
640 1 
654 1 
651 1 
666 1 
662 1 
676 1 
673 1 
688 1 
684 1 
718 1 
708 1 
700 1 
695 1 
696 1 
728 1 
725 1 
739 1 
734 1 
730 1 
731 1 
750 1 
745 1 
741 1 
742 1 
760 1 
755 1 
752 1 
767 1 
762 1 
763 1 
782 1 
776 1 
774 1 
769 1 
770 1 
787 1 
784 1 
793 1 
789 1 
801 1 
799 1 
795 1 
796 1 
811 1 
816 1 
809 1 
805 1 
806 1 
827 1 
825 1 
821 1 
834 1 
831 1 
840 1 
836 1 
845 1 
842 1 
851 1 
847 1 
859 1 
857 1 
853 1 
854 1 
868 1 
873 1 
866 1 
863 1 
881 1 
878 1 
887 1 
883 1 
892 1 
889 1 
899 1 
897 1 
894 1 
908 1 
904 1 
913 1 
910 1 
919 1 
915 1 
928 1 
934 1 
926 1 
921 1 
922 1 
939 1 
936 1 
949 1 
944 1 
941 1 
955 1 
951 1 
960 1 
957 1 
966 1 
962 1 
981 1 
977 1 
973 1 
968 1 
969 1 
986 1 
983 1 
996 1 
991 1 
988 1 
1002 1 
998 1 
1007 1 
1004 1 
1017 1 
1012 1 
1009 1 
1023 1 
1019 1 
1036 1 
1032 1 
1028 1 
1025 1 
713 1 
704 1 
702 1 
710 1 
720 1 
693 1 
690 1 
682 1 
678 1 
671 1 
668 1 
660 1 
656 1 
649 1 
646 1 
638 1 
634 1 
627 1 
623 1 
607 1 
604 1 
614 1 
586 1 
587 1 
582 1 
593 1 
557 1 
558 1 
554 1 
567 1 
536 1 
537 1 
532 1 
547 1 
524 1 
521 1 
514 1 
510 1 
503 1 
499 1 
491 1 
488 1 
481 1 
477 1 
458 1 
459 1 
455 1 
471 1 
437 1 
438 1 
433 1 
448 1 
425 1 
422 1 
415 1 
411 1 
404 1 
400 1 
392 1 
389 1 
382 1 
378 1 
370 1 
367 1 
360 1 
356 1 
349 1 
345 1 
337 1 
334 1 
314 1 
315 1 
316 1 
310 1 
327 1 
307 1 
308 1 
303 1 
295 1 
292 1 
284 1 
280 1 
272 1 
273 1 
268 1 
260 1 
257 1 
249 1 
245 1 
238 1 
235 1 
226 1 
227 1 
222 1 
195 1 
196 1 
191 1 
203 1 
212 1 
182 1 
183 1 
178 1 
170 1 
166 1 
158 1 
159 1 
155 1 
146 1 
142 1 
135 1 
131 1 
124 1 
121 1 
95 1 
96 1 
97 1 
91 1 
106 1 
80 1 
81 1 
82 1 
76 1 
68 1 
65 1 
47 1 
48 1 
43 1 
59 1 
22 1 
23 1 
24 1 
19 1 
37 1 
5 1 
6 1 
1041 2 
1038 2 
1165 2 
1169 2 
1163 2 
1160 2 
1280 2 
1276 2 
1271 2 
1267 2 
1262 2 
1258 2 
1253 2 
1249 2 
1244 2 
1240 2 
1235 2 
1231 2 
1226 2 
1222 2 
1217 2 
1213 2 
1208 2 
1204 2 
1199 2 
1195 2 
1190 2 
1186 2 
1181 2 
1177 2 
1174 2 
1289 2 
1284 2 
1046 2 
1043 2 
1048 2 
1052 2 
1057 2 
1061 2 
1066 2 
1070 2 
1075 2 
1079 2 
1084 2 
1088 2 
1093 2 
1097 2 
1102 2 
1106 2 
1111 2 
1115 2 
1120 2 
1124 2 
1129 2 
1133 2 
1138 2 
1142 2 
1147 2 
1151 2 
1156 2 
1041 2 
