362 2 2 0 
1760 275 5 507 
0.494000 -1.220000 20.000000 
-0.494000 -1.220000 13.000000 
0.500000 0.000000 175.000000 
-0.500000 0.000000 170.000000 
1422 1424 1 
1436 1438 1 
1445 1447 1 
1449 1451 1 
1426 1428 1 
1416 1420 1 
1440 1443 1 
1430 1434 1 
1453 1455 1 
1393 1396 1 
1412 1414 1 
920 922 1 
924 929 1 
940 942 1 
944 947 1 
960 963 1 
965 967 1 
981 984 1 
986 988 1 
999 1004 1 
1006 1008 1 
1462 1464 1 
1457 1460 1 
1398 1400 1 
1407 1410 1 
889 892 1 
894 899 1 
931 934 1 
936 938 1 
909 912 1 
914 918 1 
949 952 1 
954 958 1 
990 992 1 
994 997 1 
969 974 1 
976 979 1 
1466 1469 1 
1477 1479 1 
1380 1382 1 
1402 1405 1 
861 864 1 
866 870 1 
254 258 1 
901 903 1 
266 269 1 
260 264 1 
275 279 1 
294 297 1 
304 308 1 
1021 1023 1 
1010 1014 1 
1016 1019 1 
1481 1484 1 
1491 1493 1 
1384 1386 1 
1374 1378 1 
872 874 1 
876 879 1 
248 252 1 
905 907 1 
243 246 1 
271 273 1 
281 283 1 
290 292 1 
285 288 1 
310 314 1 
1025 1027 1 
1040 1043 1 
1045 1047 1 
1471 1475 1 
1495 1497 1 
1388 1391 1 
841 844 1 
846 850 1 
233 237 1 
881 883 1 
228 231 1 
299 302 1 
327 331 1 
1049 1051 1 
1029 1033 1 
1035 1038 1 
1499 1502 1 
1360 1363 1 
852 854 1 
856 859 1 
217 222 1 
885 887 1 
239 241 1 
323 325 1 
316 321 1 
1053 1055 1 
1068 1071 1 
1073 1075 1 
1486 1489 1 
1365 1368 1 
812 816 1 
818 821 1 
224 226 1 
339 341 1 
1057 1060 1 
1062 1066 1 
1510 1513 1 
1370 1372 1 
823 825 1 
827 830 1 
207 211 1 
333 337 1 
1088 1091 1 
1093 1095 1 
1515 1517 1 
1350 1354 1 
832 835 1 
837 839 1 
213 215 1 
349 351 1 
1097 1099 1 
1101 1104 1 
1504 1508 1 
1356 1358 1 
792 795 1 
797 801 1 
197 201 1 
343 347 1 
1077 1081 1 
1083 1086 1 
1525 1527 1 
1336 1340 1 
803 806 1 
808 810 1 
203 205 1 
359 361 1 
1117 1119 1 
1121 1124 1 
1519 1523 1 
1342 1344 1 
772 775 1 
777 781 1 
185 189 1 
353 357 1 
1106 1110 1 
1112 1115 1 
1529 1531 1 
1346 1348 1 
783 786 1 
788 790 1 
191 195 1 
1542 1544 1 
1551 1553 1 
1560 1562 1 
1569 1571 1 
1578 1580 1 
1587 1589 1 
1596 1598 1 
1605 1607 1 
1614 1616 1 
1623 1625 1 
1632 1634 1 
363 367 1 
1126 1128 1 
1130 1133 1 
1533 1535 1 
743 745 1 
757 761 1 
1745 1747 1 
1537 1540 1 
1546 1549 1 
1555 1558 1 
1564 1567 1 
1573 1576 1 
1582 1585 1 
1591 1594 1 
1600 1603 1 
1609 1612 1 
1618 1621 1 
1627 1630 1 
1636 1639 1 
1749 1751 1 
380 384 1 
396 398 1 
747 749 1 
751 755 1 
1753 1755 1 
1641 1644 1 
1650 1653 1 
1659 1662 1 
1668 1671 1 
1677 1680 1 
1686 1689 1 
1695 1698 1 
1704 1707 1 
1713 1716 1 
1722 1725 1 
1731 1734 1 
1740 1743 1 
1757 1759 1 
386 390 1 
392 394 1 
1328 1330 1 
763 766 1 
768 770 1 
179 183 1 
1646 1648 1 
1655 1657 1 
1664 1666 1 
1673 1675 1 
1682 1684 1 
1691 1693 1 
1700 1702 1 
1709 1711 1 
1718 1720 1 
1727 1729 1 
1736 1738 1 
7 11 1 
400 402 1 
404 407 1 
1141 1143 1 
1332 1334 1 
723 726 1 
728 732 1 
169 173 1 
1 5 1 
369 373 1 
375 378 1 
1145 1147 1 
1318 1322 1 
734 737 1 
739 741 1 
175 177 1 
19 21 1 
420 422 1 
424 427 1 
1135 1139 1 
1324 1326 1 
694 697 1 
699 703 1 
159 163 1 
13 17 1 
409 413 1 
415 418 1 
1155 1157 1 
1303 1307 1 
705 708 1 
710 712 1 
165 167 1 
29 31 1 
440 442 1 
444 447 1 
1149 1153 1 
1309 1311 1 
714 716 1 
718 721 1 
149 153 1 
23 27 1 
449 452 1 
454 456 1 
1164 1166 1 
1313 1316 1 
674 678 1 
680 683 1 
155 157 1 
40 42 1 
429 432 1 
434 438 1 
1168 1171 1 
1285 1288 1 
685 687 1 
689 692 1 
132 137 1 
657 659 1 
145 147 1 
49 51 1 
33 38 1 
489 491 1 
469 472 1 
474 476 1 
1159 1162 1 
1290 1293 1 
646 649 1 
651 655 1 
139 143 1 
661 663 1 
115 118 1 
44 47 1 
53 57 1 
493 495 1 
458 462 1 
464 467 1 
1179 1182 1 
1295 1297 1 
1270 1274 1 
665 667 1 
669 672 1 
120 124 1 
638 640 1 
101 104 1 
111 113 1 
97 99 1 
82 84 1 
59 62 1 
64 68 1 
518 520 1 
497 500 1 
502 504 1 
1173 1177 1 
1184 1186 1 
1299 1301 1 
1276 1279 1 
627 630 1 
632 636 1 
126 130 1 
642 644 1 
106 109 1 
91 95 1 
76 80 1 
86 89 1 
70 74 1 
522 524 1 
478 482 1 
484 487 1 
1197 1200 1 
1188 1190 1 
1281 1283 1 
1261 1264 1 
586 589 1 
591 596 1 
609 612 1 
614 616 1 
566 570 1 
572 575 1 
526 529 1 
531 535 1 
546 548 1 
550 553 1 
506 511 1 
513 516 1 
1210 1213 1 
1202 1204 1 
1256 1259 1 
1266 1268 1 
598 600 1 
602 607 1 
618 620 1 
622 625 1 
577 579 1 
581 584 1 
537 540 1 
542 544 1 
555 560 1 
562 564 1 
1206 1208 1 
1192 1195 1 
1248 1250 1 
1229 1233 1 
1239 1242 1 
1215 1219 1 
1221 1223 1 
1252 1254 1 
1235 1237 1 
1244 1246 1 
1225 1227 1 
1.271590 0.207910 
1.282580 0.177771 
1.335258 0.177771 
1.232546 0.355542 
1.219079 0.332234 
1.271590 0.207910 
1.292707 0.150000 
1.145879 0.150000 
1.232546 0.000000 
1.335258 0.177771 
1.282580 0.177771 
1.292707 0.150000 
1.187610 0.406740 
1.209235 0.355542 
1.232546 0.355542 
1.129833 0.533313 
1.113642 0.505289 
1.187610 0.406740 
1.219079 0.332234 
1.232546 0.355542 
1.209235 0.355542 
1.219079 0.332234 
1.051720 0.587790 
1.092609 0.533313 
1.129833 0.533313 
1.027121 0.711084 
0.987555 0.642604 
1.051720 0.587790 
1.113642 0.505289 
1.129833 0.533313 
1.092609 0.533313 
1.113642 0.505289 
0.869870 0.743140 
0.907394 0.711084 
1.027121 0.711084 
0.931188 0.877122 
0.921017 0.882983 
0.847456 0.755667 
0.869870 0.743140 
0.987555 0.642604 
1.027121 0.711084 
0.907394 0.711084 
0.987555 0.642604 
0.650000 0.866030 
0.692177 0.842456 
0.718985 0.888855 
0.583353 0.888855 
0.650000 0.866030 
0.692177 0.842456 
0.771366 0.798196 
0.718985 0.888855 
0.692177 0.842456 
0.771366 0.798196 
0.847456 0.755667 
0.921017 0.882983 
0.910826 0.888855 
0.718985 0.888855 
0.771366 0.798196 
0.401720 0.951060 
0.496344 0.918654 
0.410849 1.066626 
0.349052 0.959671 
0.401720 0.951060 
0.583353 0.888855 
0.718985 0.888855 
0.639722 1.026040 
0.600770 1.039794 
0.525090 0.908809 
0.583353 0.888855 
0.496344 0.918654 
0.525090 0.908809 
0.600770 1.039794 
0.524777 1.066626 
0.410849 1.066626 
0.496344 0.918654 
0.135890 0.994520 
0.161357 0.990356 
0.205424 1.066626 
0.000000 1.066626 
0.041661 0.994520 
0.135890 0.994520 
0.161357 0.990356 
0.258685 0.974445 
0.205424 1.066626 
0.161357 0.990356 
0.258685 0.974445 
0.349052 0.959671 
0.410849 1.066626 
0.205424 1.066626 
0.258685 0.974445 
-0.135890 0.994520 
-0.041661 0.994520 
0.000000 1.066626 
-0.205424 1.066626 
-0.161357 0.990356 
-0.135890 0.994520 
-0.041661 0.994520 
0.041661 0.994520 
0.000000 1.066626 
-0.041661 0.994520 
-0.401720 0.951060 
-0.349052 0.959671 
-0.410849 1.066626 
-0.496344 0.918654 
-0.401720 0.951060 
-0.349052 0.959671 
-0.258685 0.974445 
-0.205424 1.066626 
-0.410849 1.066626 
-0.349052 0.959671 
-0.258685 0.974445 
-0.161357 0.990356 
-0.205424 1.066626 
-0.258685 0.974445 
-0.650000 0.866030 
-0.583353 0.888855 
-0.718985 0.888855 
-0.692177 0.842456 
-0.650000 0.866030 
-0.583353 0.888855 
-0.525090 0.908809 
-0.600770 1.039794 
-0.639722 1.026040 
-0.718985 0.888855 
-0.583353 0.888855 
-0.525090 0.908809 
-0.496344 0.918654 
-0.410849 1.066626 
-0.524777 1.066626 
-0.600770 1.039794 
-0.525090 0.908809 
-0.869870 0.743140 
-0.847456 0.755667 
-0.921017 0.882983 
-0.931188 0.877122 
-1.027121 0.711084 
-0.907394 0.711084 
-0.869870 0.743140 
-0.847456 0.755667 
-0.771366 0.798196 
-0.718985 0.888855 
-0.910826 0.888855 
-0.921017 0.882983 
-0.847456 0.755667 
-0.771366 0.798196 
-0.692177 0.842456 
-0.718985 0.888855 
-0.771366 0.798196 
-1.051720 0.587790 
-0.987555 0.642604 
-1.027121 0.711084 
-1.129833 0.533313 
-1.092609 0.533313 
-1.051720 0.587790 
-0.987555 0.642604 
-0.907394 0.711084 
-1.027121 0.711084 
-0.987555 0.642604 
-1.187610 0.406740 
-1.113642 0.505289 
-1.129833 0.533313 
-1.232546 0.355542 
-1.209235 0.355542 
-1.187610 0.406740 
-1.113642 0.505289 
-1.092609 0.533313 
-1.129833 0.533313 
-1.113642 0.505289 
-1.271590 0.207910 
-1.219079 0.332234 
-1.232546 0.355542 
-1.335258 0.177771 
-1.282580 0.177771 
-1.271590 0.207910 
-1.219079 0.332234 
-1.209235 0.355542 
-1.232546 0.355542 
-1.219079 0.332234 
-1.292707 0.150000 
-1.282580 0.177771 
-1.335258 0.177771 
-1.232546 0.000000 
-1.145879 0.150000 
-1.292707 0.150000 
-1.271590 -0.207910 
-1.282580 -0.177771 
-1.335258 -0.177771 
-1.232546 -0.355542 
-1.219079 -0.332234 
-1.271590 -0.207910 
-1.292707 -0.150000 
-1.145879 -0.150000 
-1.232546 0.000000 
-1.335258 -0.177771 
-1.282580 -0.177771 
-1.292707 -0.150000 
-1.187610 -0.406740 
-1.209235 -0.355542 
-1.232546 -0.355542 
-1.129833 -0.533313 
-1.113642 -0.505289 
-1.187610 -0.406740 
-1.209235 -0.355542 
-1.219079 -0.332234 
-1.232546 -0.355542 
-1.209235 -0.355542 
-1.051720 -0.587790 
-1.092609 -0.533313 
-1.129833 -0.533313 
-1.027121 -0.711084 
-0.987555 -0.642604 
-1.051720 -0.587790 
-1.092609 -0.533313 
-1.113642 -0.505289 
-1.129833 -0.533313 
-1.092609 -0.533313 
-0.869870 -0.743140 
-0.907394 -0.711084 
-1.027121 -0.711084 
-0.931188 -0.877122 
-0.921017 -0.882983 
-0.847456 -0.755667 
-0.869870 -0.743140 
-0.907394 -0.711084 
-0.987555 -0.642604 
-1.027121 -0.711084 
-0.907394 -0.711084 
-0.650000 -0.866030 
-0.692177 -0.842456 
-0.718985 -0.888855 
-0.583353 -0.888855 
-0.650000 -0.866030 
-0.847456 -0.755667 
-0.921017 -0.882983 
-0.910826 -0.888855 
-0.718985 -0.888855 
-0.771366 -0.798196 
-0.847456 -0.755667 
-0.771366 -0.798196 
-0.718985 -0.888855 
-0.692177 -0.842456 
-0.771366 -0.798196 
-0.401720 -0.951060 
-0.496344 -0.918654 
-0.410849 -1.066626 
-0.349052 -0.959671 
-0.401720 -0.951060 
-0.525090 -0.908809 
-0.583353 -0.888855 
-0.718985 -0.888855 
-0.639722 -1.026040 
-0.600770 -1.039794 
-0.525090 -0.908809 
-0.525090 -0.908809 
-0.600770 -1.039794 
-0.524777 -1.066626 
-0.410849 -1.066626 
-0.496344 -0.918654 
-0.525090 -0.908809 
-0.135890 -0.994520 
-0.161357 -0.990356 
-0.205424 -1.066626 
0.000000 -1.066626 
-0.041661 -0.994520 
-0.135890 -0.994520 
-0.349052 -0.959671 
-0.410849 -1.066626 
-0.205424 -1.066626 
-0.258685 -0.974445 
-0.349052 -0.959671 
-0.258685 -0.974445 
-0.205424 -1.066626 
-0.161357 -0.990356 
-0.258685 -0.974445 
0.135890 -0.994520 
0.041661 -0.994520 
0.000000 -1.066626 
0.205424 -1.066626 
0.161357 -0.990356 
0.135890 -0.994520 
-0.041661 -0.994520 
0.000000 -1.066626 
0.041661 -0.994520 
-0.041661 -0.994520 
0.401720 -0.951060 
0.349052 -0.959671 
0.410849 -1.066626 
0.496344 -0.918654 
0.401720 -0.951060 
0.161357 -0.990356 
0.205424 -1.066626 
0.258685 -0.974445 
0.161357 -0.990356 
0.258685 -0.974445 
0.205424 -1.066626 
0.410849 -1.066626 
0.349052 -0.959671 
0.258685 -0.974445 
0.650000 -0.866030 
0.583353 -0.888855 
0.718985 -0.888855 
0.692177 -0.842456 
0.650000 -0.866030 
0.496344 -0.918654 
0.410849 -1.066626 
0.524777 -1.066626 
0.600770 -1.039794 
0.525090 -0.908809 
0.496344 -0.918654 
0.525090 -0.908809 
0.600770 -1.039794 
0.639722 -1.026040 
0.718985 -0.888855 
0.583353 -0.888855 
0.525090 -0.908809 
0.869870 -0.743140 
0.847456 -0.755667 
0.921017 -0.882983 
0.931188 -0.877122 
1.027121 -0.711084 
0.907394 -0.711084 
0.869870 -0.743140 
0.692177 -0.842456 
0.718985 -0.888855 
0.771366 -0.798196 
0.692177 -0.842456 
0.771366 -0.798196 
0.718985 -0.888855 
0.910826 -0.888855 
0.921017 -0.882983 
0.847456 -0.755667 
0.771366 -0.798196 
1.051720 -0.587790 
0.987555 -0.642604 
1.027121 -0.711084 
1.129833 -0.533313 
1.092609 -0.533313 
1.051720 -0.587790 
0.907394 -0.711084 
1.027121 -0.711084 
0.987555 -0.642604 
0.907394 -0.711084 
1.187610 -0.406740 
1.113642 -0.505289 
1.129833 -0.533313 
1.232546 -0.355542 
1.209235 -0.355542 
1.187610 -0.406740 
1.092609 -0.533313 
1.129833 -0.533313 
1.113642 -0.505289 
1.092609 -0.533313 
1.271590 -0.207910 
1.219079 -0.332234 
1.232546 -0.355542 
1.335258 -0.177771 
1.282580 -0.177771 
1.271590 -0.207910 
1.209235 -0.355542 
1.232546 -0.355542 
1.219079 -0.332234 
1.209235 -0.355542 
1.292707 -0.150000 
1.282580 -0.177771 
1.335258 -0.177771 
1.232546 0.000000 
1.145879 -0.150000 
1.292707 -0.150000 
1.418310 0.239100 
1.426438 0.177771 
1.540682 0.177771 
1.437970 0.355542 
1.398555 0.287323 
1.418310 0.239100 
1.418310 0.239100 
1.398555 0.287323 
1.335258 0.177771 
1.426438 0.177771 
1.418310 0.239100 
1.450000 0.000000 
1.447755 -0.016936 
1.540682 -0.177771 
1.587484 -0.096768 
1.600000 0.000000 
1.450000 0.000000 
1.450000 0.000000 
1.600000 0.000000 
1.587484 0.096768 
1.540682 0.177771 
1.447755 0.016936 
1.450000 0.000000 
1.450000 0.000000 
1.447755 0.016936 
1.437970 0.000000 
1.450000 0.000000 
1.450000 0.000000 
1.437970 0.000000 
1.447755 -0.016936 
1.450000 0.000000 
1.447755 0.016936 
1.540682 0.177771 
1.426438 0.177771 
1.447755 0.016936 
1.447755 0.016936 
1.426438 0.177771 
1.335258 0.177771 
1.437970 0.000000 
1.447755 0.016936 
1.324640 0.467750 
1.370608 0.355542 
1.437970 0.355542 
1.335258 0.533313 
1.309440 0.488629 
1.324640 0.467750 
1.324640 0.467750 
1.309440 0.488629 
1.232546 0.355542 
1.370608 0.355542 
1.324640 0.467750 
1.398555 0.287323 
1.437970 0.355542 
1.370608 0.355542 
1.398555 0.287323 
1.398555 0.287323 
1.370608 0.355542 
1.232546 0.355542 
1.335258 0.177771 
1.398555 0.287323 
1.173070 0.675950 
1.194911 0.645948 
1.232546 0.711084 
1.133185 0.711084 
1.173070 0.675950 
1.173070 0.675950 
1.133185 0.711084 
1.027121 0.711084 
1.129833 0.533313 
1.194911 0.645948 
1.173070 0.675950 
1.309440 0.488629 
1.335258 0.533313 
1.276910 0.533313 
1.309440 0.488629 
1.309440 0.488629 
1.276910 0.533313 
1.129833 0.533313 
1.232546 0.355542 
1.309440 0.488629 
1.276910 0.533313 
1.335258 0.533313 
1.232546 0.711084 
1.194911 0.645948 
1.276910 0.533313 
1.276910 0.533313 
1.194911 0.645948 
1.129833 0.533313 
1.276910 0.533313 
0.970240 0.854620 
1.062896 0.773001 
1.129833 0.888855 
0.924409 0.888855 
0.931188 0.877122 
0.970240 0.854620 
0.970240 0.854620 
0.931188 0.877122 
1.027121 0.711084 
1.062896 0.773001 
0.970240 0.854620 
1.133185 0.711084 
1.232546 0.711084 
1.129833 0.888855 
1.062896 0.773001 
1.133185 0.711084 
1.133185 0.711084 
1.062896 0.773001 
1.027121 0.711084 
1.133185 0.711084 
0.725000 0.995930 
0.766901 0.971786 
0.821697 1.066626 
0.616273 1.066626 
0.639722 1.026040 
0.725000 0.995930 
0.725000 0.995930 
0.639722 1.026040 
0.718985 0.888855 
0.766901 0.971786 
0.725000 0.995930 
0.921017 0.882983 
0.931188 0.877122 
0.924409 0.888855 
0.921017 0.882983 
0.921017 0.882983 
0.924409 0.888855 
0.910826 0.888855 
0.921017 0.882983 
0.910826 0.888855 
0.924409 0.888855 
0.821697 1.066626 
0.766901 0.971786 
0.910826 0.888855 
0.910826 0.888855 
0.766901 0.971786 
0.718985 0.888855 
0.910826 0.888855 
0.448070 1.093710 
0.524777 1.066626 
0.616273 1.066626 
0.524479 1.225500 
0.506417 1.232034 
0.428412 1.097024 
0.448070 1.093710 
0.448070 1.093710 
0.428412 1.097024 
0.410849 1.066626 
0.524777 1.066626 
0.448070 1.093710 
0.600770 1.039794 
0.639722 1.026040 
0.616273 1.066626 
0.600770 1.039794 
0.600770 1.039794 
0.616273 1.066626 
0.524777 1.066626 
0.600770 1.039794 
0.151570 1.143700 
0.161899 1.141959 
0.102712 1.244397 
0.044532 1.143700 
0.151570 1.143700 
0.151570 1.143700 
0.044532 1.143700 
0.000000 1.066626 
0.205424 1.066626 
0.161899 1.141959 
0.151570 1.143700 
0.161899 1.141959 
0.241223 1.128585 
0.308136 1.244397 
0.102712 1.244397 
0.161899 1.141959 
0.161899 1.141959 
0.205424 1.066626 
0.241223 1.128585 
0.161899 1.141959 
0.241223 1.128585 
0.389494 1.103586 
0.308136 1.244397 
0.241223 1.128585 
0.241223 1.128585 
0.205424 1.066626 
0.410849 1.066626 
0.389494 1.103586 
0.241223 1.128585 
0.389494 1.103586 
0.428412 1.097024 
0.506417 1.232034 
0.494430 1.236370 
0.447956 1.244397 
0.308136 1.244397 
0.389494 1.103586 
0.389494 1.103586 
0.410849 1.066626 
0.428412 1.097024 
0.389494 1.103586 
-0.151570 1.143700 
-0.161899 1.141959 
-0.205424 1.066626 
0.000000 1.066626 
-0.044532 1.143700 
-0.151570 1.143700 
-0.151570 1.143700 
-0.044532 1.143700 
-0.102712 1.244397 
-0.161899 1.141959 
-0.151570 1.143700 
-0.044532 1.143700 
0.000000 1.066626 
0.044532 1.143700 
-0.044532 1.143700 
-0.044532 1.143700 
0.044532 1.143700 
0.102712 1.244397 
-0.102712 1.244397 
-0.044532 1.143700 
-0.448070 1.093710 
-0.524777 1.066626 
-0.410849 1.066626 
-0.428412 1.097024 
-0.448070 1.093710 
-0.448070 1.093710 
-0.428412 1.097024 
-0.506417 1.232034 
-0.524479 1.225500 
-0.616273 1.066626 
-0.524777 1.066626 
-0.448070 1.093710 
-0.428412 1.097024 
-0.410849 1.066626 
-0.389494 1.103586 
-0.428412 1.097024 
-0.428412 1.097024 
-0.389494 1.103586 
-0.308136 1.244397 
-0.447956 1.244397 
-0.494430 1.236370 
-0.506417 1.232034 
-0.428412 1.097024 
-0.389494 1.103586 
-0.410849 1.066626 
-0.205424 1.066626 
-0.241223 1.128585 
-0.389494 1.103586 
-0.389494 1.103586 
-0.241223 1.128585 
-0.308136 1.244397 
-0.389494 1.103586 
-0.241223 1.128585 
-0.205424 1.066626 
-0.161899 1.141959 
-0.241223 1.128585 
-0.241223 1.128585 
-0.161899 1.141959 
-0.102712 1.244397 
-0.308136 1.244397 
-0.241223 1.128585 
-0.725000 0.995930 
-0.766901 0.971786 
-0.718985 0.888855 
-0.639722 1.026040 
-0.725000 0.995930 
-0.725000 0.995930 
-0.639722 1.026040 
-0.616273 1.066626 
-0.821697 1.066626 
-0.766901 0.971786 
-0.725000 0.995930 
-0.639722 1.026040 
-0.600770 1.039794 
-0.616273 1.066626 
-0.639722 1.026040 
-0.600770 1.039794 
-0.524777 1.066626 
-0.616273 1.066626 
-0.600770 1.039794 
-0.970240 0.854620 
-1.062896 0.773001 
-1.027121 0.711084 
-0.931188 0.877122 
-0.970240 0.854620 
-0.970240 0.854620 
-0.931188 0.877122 
-0.924409 0.888855 
-1.129833 0.888855 
-1.062896 0.773001 
-0.970240 0.854620 
-0.931188 0.877122 
-0.921017 0.882983 
-0.924409 0.888855 
-0.931188 0.877122 
-0.921017 0.882983 
-0.910826 0.888855 
-0.924409 0.888855 
-0.921017 0.882983 
-0.910826 0.888855 
-0.718985 0.888855 
-0.766901 0.971786 
-0.910826 0.888855 
-0.910826 0.888855 
-0.766901 0.971786 
-0.821697 1.066626 
-0.924409 0.888855 
-0.910826 0.888855 
-1.173070 0.675950 
-1.194911 0.645948 
-1.129833 0.533313 
-1.027121 0.711084 
-1.133185 0.711084 
-1.173070 0.675950 
-1.173070 0.675950 
-1.133185 0.711084 
-1.232546 0.711084 
-1.194911 0.645948 
-1.173070 0.675950 
-1.133185 0.711084 
-1.027121 0.711084 
-1.062896 0.773001 
-1.133185 0.711084 
-1.133185 0.711084 
-1.062896 0.773001 
-1.129833 0.888855 
-1.232546 0.711084 
-1.133185 0.711084 
-1.324640 0.467750 
-1.370608 0.355542 
-1.232546 0.355542 
-1.309440 0.488629 
-1.324640 0.467750 
-1.324640 0.467750 
-1.309440 0.488629 
-1.335258 0.533313 
-1.437970 0.355542 
-1.370608 0.355542 
-1.324640 0.467750 
-1.309440 0.488629 
-1.232546 0.355542 
-1.129833 0.533313 
-1.276910 0.533313 
-1.309440 0.488629 
-1.309440 0.488629 
-1.276910 0.533313 
-1.335258 0.533313 
-1.309440 0.488629 
-1.276910 0.533313 
-1.129833 0.533313 
-1.194911 0.645948 
-1.276910 0.533313 
-1.276910 0.533313 
-1.194911 0.645948 
-1.232546 0.711084 
-1.335258 0.533313 
-1.276910 0.533313 
-1.418310 0.239100 
-1.426438 0.177771 
-1.335258 0.177771 
-1.398555 0.287323 
-1.418310 0.239100 
-1.418310 0.239100 
-1.398555 0.287323 
-1.437970 0.355542 
-1.540682 0.177771 
-1.426438 0.177771 
-1.418310 0.239100 
-1.398555 0.287323 
-1.335258 0.177771 
-1.232546 0.355542 
-1.370608 0.355542 
-1.398555 0.287323 
-1.398555 0.287323 
-1.370608 0.355542 
-1.437970 0.355542 
-1.398555 0.287323 
-1.450000 0.000000 
-1.447755 -0.016936 
-1.437970 0.000000 
-1.450000 0.000000 
-1.450000 0.000000 
-1.437970 0.000000 
-1.447755 0.016936 
-1.450000 0.000000 
-1.450000 0.000000 
-1.447755 0.016936 
-1.540682 0.177771 
-1.587484 0.096768 
-1.600000 0.000000 
-1.450000 0.000000 
-1.450000 0.000000 
-1.600000 0.000000 
-1.587484 -0.096768 
-1.540682 -0.177771 
-1.447755 -0.016936 
-1.450000 0.000000 
-1.447755 0.016936 
-1.437970 0.000000 
-1.335258 0.177771 
-1.426438 0.177771 
-1.447755 0.016936 
-1.447755 0.016936 
-1.426438 0.177771 
-1.540682 0.177771 
-1.447755 0.016936 
-1.418310 -0.239100 
-1.398555 -0.287323 
-1.335258 -0.177771 
-1.426438 -0.177771 
-1.418310 -0.239100 
-1.418310 -0.239100 
-1.426438 -0.177771 
-1.540682 -0.177771 
-1.437970 -0.355542 
-1.398555 -0.287323 
-1.418310 -0.239100 
-1.426438 -0.177771 
-1.335258 -0.177771 
-1.437970 0.000000 
-1.447755 -0.016936 
-1.426438 -0.177771 
-1.426438 -0.177771 
-1.447755 -0.016936 
-1.540682 -0.177771 
-1.426438 -0.177771 
-1.324640 -0.467750 
-1.309440 -0.488629 
-1.232546 -0.355542 
-1.370608 -0.355542 
-1.324640 -0.467750 
-1.324640 -0.467750 
-1.370608 -0.355542 
-1.437970 -0.355542 
-1.335258 -0.533313 
-1.309440 -0.488629 
-1.324640 -0.467750 
-1.370608 -0.355542 
-1.232546 -0.355542 
-1.335258 -0.177771 
-1.398555 -0.287323 
-1.370608 -0.355542 
-1.370608 -0.355542 
-1.398555 -0.287323 
-1.437970 -0.355542 
-1.370608 -0.355542 
-1.173070 -0.675950 
-1.133185 -0.711084 
-1.027121 -0.711084 
-1.129833 -0.533313 
-1.194911 -0.645948 
-1.173070 -0.675950 
-1.173070 -0.675950 
-1.194911 -0.645948 
-1.232546 -0.711084 
-1.133185 -0.711084 
-1.173070 -0.675950 
-1.194911 -0.645948 
-1.129833 -0.533313 
-1.276910 -0.533313 
-1.194911 -0.645948 
-1.194911 -0.645948 
-1.276910 -0.533313 
-1.335258 -0.533313 
-1.232546 -0.711084 
-1.194911 -0.645948 
-1.276910 -0.533313 
-1.129833 -0.533313 
-1.232546 -0.355542 
-1.309440 -0.488629 
-1.276910 -0.533313 
-1.276910 -0.533313 
-1.309440 -0.488629 
-1.335258 -0.533313 
-1.276910 -0.533313 
-0.970240 -0.854620 
-0.931188 -0.877122 
-1.027121 -0.711084 
-1.062896 -0.773001 
-0.970240 -0.854620 
-0.970240 -0.854620 
-1.062896 -0.773001 
-1.129833 -0.888855 
-0.924409 -0.888855 
-0.931188 -0.877122 
-0.970240 -0.854620 
-1.062896 -0.773001 
-1.027121 -0.711084 
-1.133185 -0.711084 
-1.062896 -0.773001 
-1.062896 -0.773001 
-1.133185 -0.711084 
-1.232546 -0.711084 
-1.129833 -0.888855 
-1.062896 -0.773001 
-0.725000 -0.995930 
-0.639722 -1.026040 
-0.718985 -0.888855 
-0.766901 -0.971786 
-0.725000 -0.995930 
-0.725000 -0.995930 
-0.766901 -0.971786 
-0.821697 -1.066626 
-0.616273 -1.066626 
-0.639722 -1.026040 
-0.725000 -0.995930 
-0.766901 -0.971786 
-0.718985 -0.888855 
-0.910826 -0.888855 
-0.766901 -0.971786 
-0.766901 -0.971786 
-0.910826 -0.888855 
-0.924409 -0.888855 
-0.821697 -1.066626 
-0.766901 -0.971786 
-0.910826 -0.888855 
-0.921017 -0.882983 
-0.924409 -0.888855 
-0.910826 -0.888855 
-0.931188 -0.877122 
-0.924409 -0.888855 
-0.921017 -0.882983 
-0.931188 -0.877122 
-0.448070 -1.093710 
-0.428412 -1.097024 
-0.410849 -1.066626 
-0.524777 -1.066626 
-0.448070 -1.093710 
-0.448070 -1.093710 
-0.524777 -1.066626 
-0.616273 -1.066626 
-0.524479 -1.225500 
-0.506417 -1.232034 
-0.428412 -1.097024 
-0.448070 -1.093710 
-0.524777 -1.066626 
-0.600770 -1.039794 
-0.616273 -1.066626 
-0.524777 -1.066626 
-0.639722 -1.026040 
-0.616273 -1.066626 
-0.600770 -1.039794 
-0.639722 -1.026040 
-0.151570 -1.143700 
-0.161899 -1.141959 
-0.102712 -1.244397 
-0.044532 -1.143700 
-0.151570 -1.143700 
-0.151570 -1.143700 
-0.044532 -1.143700 
0.000000 -1.066626 
-0.205424 -1.066626 
-0.161899 -1.141959 
-0.151570 -1.143700 
-0.428412 -1.097024 
-0.389494 -1.103586 
-0.410849 -1.066626 
-0.428412 -1.097024 
-0.428412 -1.097024 
-0.506417 -1.232034 
-0.494430 -1.236370 
-0.447956 -1.244397 
-0.308136 -1.244397 
-0.389494 -1.103586 
-0.428412 -1.097024 
-0.389494 -1.103586 
-0.241223 -1.128585 
-0.205424 -1.066626 
-0.410849 -1.066626 
-0.389494 -1.103586 
-0.389494 -1.103586 
-0.308136 -1.244397 
-0.241223 -1.128585 
-0.389494 -1.103586 
-0.241223 -1.128585 
-0.161899 -1.141959 
-0.205424 -1.066626 
-0.241223 -1.128585 
-0.241223 -1.128585 
-0.308136 -1.244397 
-0.102712 -1.244397 
-0.161899 -1.141959 
-0.241223 -1.128585 
0.151570 -1.143700 
0.044532 -1.143700 
0.102712 -1.244397 
0.161899 -1.141959 
0.151570 -1.143700 
0.151570 -1.143700 
0.161899 -1.141959 
0.205424 -1.066626 
0.000000 -1.066626 
0.044532 -1.143700 
0.151570 -1.143700 
-0.044532 -1.143700 
-0.102712 -1.244397 
0.102712 -1.244397 
0.044532 -1.143700 
-0.044532 -1.143700 
-0.044532 -1.143700 
0.044532 -1.143700 
0.000000 -1.066626 
-0.044532 -1.143700 
0.448070 -1.093710 
0.428412 -1.097024 
0.506417 -1.232034 
0.524479 -1.225500 
0.616273 -1.066626 
0.524777 -1.066626 
0.448070 -1.093710 
0.448070 -1.093710 
0.524777 -1.066626 
0.410849 -1.066626 
0.428412 -1.097024 
0.448070 -1.093710 
0.161899 -1.141959 
0.102712 -1.244397 
0.308136 -1.244397 
0.241223 -1.128585 
0.161899 -1.141959 
0.161899 -1.141959 
0.241223 -1.128585 
0.205424 -1.066626 
0.161899 -1.141959 
0.241223 -1.128585 
0.308136 -1.244397 
0.389494 -1.103586 
0.241223 -1.128585 
0.241223 -1.128585 
0.389494 -1.103586 
0.410849 -1.066626 
0.205424 -1.066626 
0.241223 -1.128585 
0.389494 -1.103586 
0.308136 -1.244397 
0.447956 -1.244397 
0.494430 -1.236370 
0.506417 -1.232034 
0.428412 -1.097024 
0.389494 -1.103586 
0.389494 -1.103586 
0.428412 -1.097024 
0.410849 -1.066626 
0.389494 -1.103586 
0.725000 -0.995930 
0.639722 -1.026040 
0.616273 -1.066626 
0.821697 -1.066626 
0.766901 -0.971786 
0.725000 -0.995930 
0.725000 -0.995930 
0.766901 -0.971786 
0.718985 -0.888855 
0.639722 -1.026040 
0.725000 -0.995930 
0.524777 -1.066626 
0.616273 -1.066626 
0.600770 -1.039794 
0.524777 -1.066626 
0.600770 -1.039794 
0.616273 -1.066626 
0.639722 -1.026040 
0.600770 -1.039794 
0.970240 -0.854620 
0.931188 -0.877122 
0.924409 -0.888855 
1.129833 -0.888855 
1.062896 -0.773001 
0.970240 -0.854620 
0.970240 -0.854620 
1.062896 -0.773001 
1.027121 -0.711084 
0.931188 -0.877122 
0.970240 -0.854620 
0.766901 -0.971786 
0.821697 -1.066626 
0.924409 -0.888855 
0.910826 -0.888855 
0.766901 -0.971786 
0.766901 -0.971786 
0.910826 -0.888855 
0.718985 -0.888855 
0.766901 -0.971786 
0.910826 -0.888855 
0.924409 -0.888855 
0.921017 -0.882983 
0.910826 -0.888855 
0.921017 -0.882983 
0.924409 -0.888855 
0.931188 -0.877122 
0.921017 -0.882983 
1.173070 -0.675950 
1.133185 -0.711084 
1.232546 -0.711084 
1.194911 -0.645948 
1.173070 -0.675950 
1.173070 -0.675950 
1.194911 -0.645948 
1.129833 -0.533313 
1.027121 -0.711084 
1.133185 -0.711084 
1.173070 -0.675950 
1.062896 -0.773001 
1.129833 -0.888855 
1.232546 -0.711084 
1.133185 -0.711084 
1.062896 -0.773001 
1.062896 -0.773001 
1.133185 -0.711084 
1.027121 -0.711084 
1.062896 -0.773001 
1.324640 -0.467750 
1.309440 -0.488629 
1.335258 -0.533313 
1.437970 -0.355542 
1.370608 -0.355542 
1.324640 -0.467750 
1.324640 -0.467750 
1.370608 -0.355542 
1.232546 -0.355542 
1.309440 -0.488629 
1.324640 -0.467750 
1.194911 -0.645948 
1.232546 -0.711084 
1.335258 -0.533313 
1.276910 -0.533313 
1.194911 -0.645948 
1.194911 -0.645948 
1.276910 -0.533313 
1.129833 -0.533313 
1.194911 -0.645948 
1.276910 -0.533313 
1.335258 -0.533313 
1.309440 -0.488629 
1.276910 -0.533313 
1.276910 -0.533313 
1.309440 -0.488629 
1.232546 -0.355542 
1.129833 -0.533313 
1.276910 -0.533313 
1.418310 -0.239100 
1.398555 -0.287323 
1.437970 -0.355542 
1.540682 -0.177771 
1.426438 -0.177771 
1.418310 -0.239100 
1.418310 -0.239100 
1.426438 -0.177771 
1.335258 -0.177771 
1.398555 -0.287323 
1.418310 -0.239100 
1.370608 -0.355542 
1.437970 -0.355542 
1.398555 -0.287323 
1.370608 -0.355542 
1.370608 -0.355542 
1.398555 -0.287323 
1.335258 -0.177771 
1.232546 -0.355542 
1.370608 -0.355542 
1.426438 -0.177771 
1.540682 -0.177771 
1.447755 -0.016936 
1.426438 -0.177771 
1.426438 -0.177771 
1.447755 -0.016936 
1.437970 0.000000 
1.335258 -0.177771 
1.426438 -0.177771 
1.565040 0.270290 
1.530945 0.355542 
1.437970 0.355542 
1.540682 0.177771 
1.570362 0.229141 
1.565040 0.270290 
1.587484 0.096768 
1.577007 0.177771 
1.540682 0.177771 
1.587484 0.096768 
1.577007 0.177771 
1.570362 0.229141 
1.540682 0.177771 
1.577007 0.177771 
1.461670 0.528760 
1.458435 0.533313 
1.335258 0.533313 
1.437970 0.355542 
1.492914 0.450637 
1.461670 0.528760 
1.530945 0.355542 
1.492914 0.450637 
1.437970 0.355542 
1.530945 0.355542 
1.294430 0.764120 
1.273895 0.782650 
1.232546 0.711084 
1.332116 0.711084 
1.294430 0.764120 
1.458435 0.533313 
1.390498 0.628921 
1.335258 0.533313 
1.458435 0.533313 
1.390498 0.628921 
1.332116 0.711084 
1.232546 0.711084 
1.335258 0.533313 
1.390498 0.628921 
1.070610 0.966090 
0.994867 1.010801 
0.924409 0.888855 
1.129833 0.888855 
1.101111 0.938566 
1.070610 0.966090 
1.273895 0.782650 
1.156201 0.888855 
1.129833 0.888855 
1.232546 0.711084 
1.273895 0.782650 
1.156201 0.888855 
1.138869 0.904494 
1.129833 0.888855 
1.156201 0.888855 
1.101111 0.938566 
1.129833 0.888855 
1.138869 0.904494 
1.101111 0.938566 
0.800000 1.125830 
0.784185 1.131551 
0.821697 1.066626 
0.841686 1.101223 
0.800000 1.125830 
0.994867 1.010801 
0.900295 1.066626 
0.821697 1.066626 
0.924409 0.888855 
0.994867 1.010801 
0.900295 1.066626 
0.841686 1.101223 
0.821697 1.066626 
0.900295 1.066626 
0.524479 1.225500 
0.616273 1.066626 
0.676328 1.170568 
0.524479 1.225500 
0.676328 1.170568 
0.616273 1.066626 
0.821697 1.066626 
0.784185 1.131551 
0.676328 1.170568 
0.167250 1.292880 
0.130725 1.292880 
0.102712 1.244397 
0.308136 1.244397 
0.292637 1.271223 
0.167250 1.292880 
0.447956 1.244397 
0.320823 1.266355 
0.308136 1.244397 
0.447956 1.244397 
0.292637 1.271223 
0.308136 1.244397 
0.320823 1.266355 
0.292637 1.271223 
-0.167250 1.292880 
-0.292637 1.271223 
-0.308136 1.244397 
-0.102712 1.244397 
-0.130725 1.292880 
-0.167250 1.292880 
-0.130725 1.292880 
-0.102712 1.244397 
-0.074700 1.292880 
-0.130725 1.292880 
-0.074700 1.292880 
-0.102712 1.244397 
0.102712 1.244397 
0.074700 1.292880 
-0.074700 1.292880 
0.074700 1.292880 
0.102712 1.244397 
0.130725 1.292880 
0.074700 1.292880 
-0.447956 1.244397 
-0.308136 1.244397 
-0.320823 1.266355 
-0.447956 1.244397 
-0.320823 1.266355 
-0.308136 1.244397 
-0.292637 1.271223 
-0.320823 1.266355 
-0.800000 1.125830 
-0.841686 1.101223 
-0.821697 1.066626 
-0.784185 1.131551 
-0.800000 1.125830 
-0.784185 1.131551 
-0.821697 1.066626 
-0.616273 1.066626 
-0.676328 1.170568 
-0.784185 1.131551 
-0.676328 1.170568 
-0.616273 1.066626 
-0.524479 1.225500 
-0.676328 1.170568 
-1.070610 0.966090 
-1.101111 0.938566 
-1.129833 0.888855 
-0.924409 0.888855 
-0.994867 1.010801 
-1.070610 0.966090 
-0.994867 1.010801 
-0.924409 0.888855 
-0.821697 1.066626 
-0.900295 1.066626 
-0.994867 1.010801 
-0.900295 1.066626 
-0.821697 1.066626 
-0.841686 1.101223 
-0.900295 1.066626 
-1.294430 0.764120 
-1.332116 0.711084 
-1.232546 0.711084 
-1.273895 0.782650 
-1.294430 0.764120 
-1.273895 0.782650 
-1.232546 0.711084 
-1.129833 0.888855 
-1.156201 0.888855 
-1.273895 0.782650 
-1.156201 0.888855 
-1.129833 0.888855 
-1.138869 0.904494 
-1.156201 0.888855 
-1.138869 0.904494 
-1.129833 0.888855 
-1.101111 0.938566 
-1.138869 0.904494 
-1.461670 0.528760 
-1.492914 0.450637 
-1.437970 0.355542 
-1.335258 0.533313 
-1.458435 0.533313 
-1.461670 0.528760 
-1.458435 0.533313 
-1.335258 0.533313 
-1.390498 0.628921 
-1.458435 0.533313 
-1.390498 0.628921 
-1.335258 0.533313 
-1.232546 0.711084 
-1.332116 0.711084 
-1.390498 0.628921 
-1.565040 0.270290 
-1.570362 0.229141 
-1.540682 0.177771 
-1.437970 0.355542 
-1.530945 0.355542 
-1.565040 0.270290 
-1.530945 0.355542 
-1.437970 0.355542 
-1.492914 0.450637 
-1.530945 0.355542 
-1.587484 0.096768 
-1.540682 0.177771 
-1.577007 0.177771 
-1.587484 0.096768 
-1.577007 0.177771 
-1.540682 0.177771 
-1.570362 0.229141 
-1.577007 0.177771 
-1.565040 -0.270290 
-1.530945 -0.355542 
-1.437970 -0.355542 
-1.540682 -0.177771 
-1.570362 -0.229141 
-1.565040 -0.270290 
-1.570362 -0.229141 
-1.540682 -0.177771 
-1.577007 -0.177771 
-1.570362 -0.229141 
-1.577007 -0.177771 
-1.540682 -0.177771 
-1.587484 -0.096768 
-1.577007 -0.177771 
-1.461670 -0.528760 
-1.458435 -0.533313 
-1.335258 -0.533313 
-1.437970 -0.355542 
-1.492914 -0.450637 
-1.461670 -0.528760 
-1.492914 -0.450637 
-1.437970 -0.355542 
-1.530945 -0.355542 
-1.492914 -0.450637 
-1.294430 -0.764120 
-1.273895 -0.782650 
-1.232546 -0.711084 
-1.332116 -0.711084 
-1.294430 -0.764120 
-1.332116 -0.711084 
-1.232546 -0.711084 
-1.335258 -0.533313 
-1.390498 -0.628921 
-1.332116 -0.711084 
-1.390498 -0.628921 
-1.335258 -0.533313 
-1.458435 -0.533313 
-1.390498 -0.628921 
-1.070610 -0.966090 
-0.994867 -1.010801 
-0.924409 -0.888855 
-1.129833 -0.888855 
-1.101111 -0.938566 
-1.070610 -0.966090 
-1.138869 -0.904494 
-1.101111 -0.938566 
-1.129833 -0.888855 
-1.138869 -0.904494 
-1.138869 -0.904494 
-1.129833 -0.888855 
-1.156201 -0.888855 
-1.138869 -0.904494 
-1.156201 -0.888855 
-1.129833 -0.888855 
-1.232546 -0.711084 
-1.273895 -0.782650 
-1.156201 -0.888855 
-0.800000 -1.125830 
-0.784185 -1.131551 
-0.821697 -1.066626 
-0.841686 -1.101223 
-0.800000 -1.125830 
-0.841686 -1.101223 
-0.821697 -1.066626 
-0.900295 -1.066626 
-0.841686 -1.101223 
-0.900295 -1.066626 
-0.821697 -1.066626 
-0.924409 -0.888855 
-0.994867 -1.010801 
-0.900295 -1.066626 
-0.784185 -1.131551 
-0.676328 -1.170568 
-0.616273 -1.066626 
-0.821697 -1.066626 
-0.784185 -1.131551 
-0.676328 -1.170568 
-0.524479 -1.225500 
-0.616273 -1.066626 
-0.676328 -1.170568 
-0.167250 -1.292880 
-0.130725 -1.292880 
-0.102712 -1.244397 
-0.308136 -1.244397 
-0.292637 -1.271223 
-0.167250 -1.292880 
-0.320823 -1.266355 
-0.292637 -1.271223 
-0.308136 -1.244397 
-0.320823 -1.266355 
-0.320823 -1.266355 
-0.308136 -1.244397 
-0.447956 -1.244397 
-0.320823 -1.266355 
0.167250 -1.292880 
0.292637 -1.271223 
0.308136 -1.244397 
0.102712 -1.244397 
0.130725 -1.292880 
0.167250 -1.292880 
-0.130725 -1.292880 
-0.074700 -1.292880 
-0.102712 -1.244397 
-0.130725 -1.292880 
-0.074700 -1.292880 
0.074700 -1.292880 
0.102712 -1.244397 
-0.102712 -1.244397 
-0.074700 -1.292880 
0.074700 -1.292880 
0.130725 -1.292880 
0.102712 -1.244397 
0.074700 -1.292880 
0.292637 -1.271223 
0.320823 -1.266355 
0.308136 -1.244397 
0.292637 -1.271223 
0.320823 -1.266355 
0.447956 -1.244397 
0.308136 -1.244397 
0.320823 -1.266355 
0.800000 -1.125830 
0.841686 -1.101223 
0.821697 -1.066626 
0.784185 -1.131551 
0.800000 -1.125830 
0.524479 -1.225500 
0.676328 -1.170568 
0.616273 -1.066626 
0.524479 -1.225500 
0.676328 -1.170568 
0.784185 -1.131551 
0.821697 -1.066626 
0.616273 -1.066626 
0.676328 -1.170568 
1.070610 -0.966090 
1.101111 -0.938566 
1.129833 -0.888855 
0.924409 -0.888855 
0.994867 -1.010801 
1.070610 -0.966090 
0.841686 -1.101223 
0.900295 -1.066626 
0.821697 -1.066626 
0.841686 -1.101223 
0.900295 -1.066626 
0.994867 -1.010801 
0.924409 -0.888855 
0.821697 -1.066626 
0.900295 -1.066626 
1.294430 -0.764120 
1.332116 -0.711084 
1.232546 -0.711084 
1.273895 -0.782650 
1.294430 -0.764120 
1.101111 -0.938566 
1.138869 -0.904494 
1.129833 -0.888855 
1.101111 -0.938566 
1.138869 -0.904494 
1.156201 -0.888855 
1.129833 -0.888855 
1.138869 -0.904494 
1.156201 -0.888855 
1.273895 -0.782650 
1.232546 -0.711084 
1.129833 -0.888855 
1.156201 -0.888855 
1.461670 -0.528760 
1.492914 -0.450637 
1.437970 -0.355542 
1.335258 -0.533313 
1.458435 -0.533313 
1.461670 -0.528760 
1.332116 -0.711084 
1.390498 -0.628921 
1.335258 -0.533313 
1.232546 -0.711084 
1.332116 -0.711084 
1.390498 -0.628921 
1.458435 -0.533313 
1.335258 -0.533313 
1.390498 -0.628921 
1.565040 -0.270290 
1.570362 -0.229141 
1.540682 -0.177771 
1.437970 -0.355542 
1.530945 -0.355542 
1.565040 -0.270290 
1.492914 -0.450637 
1.530945 -0.355542 
1.437970 -0.355542 
1.492914 -0.450637 
1.570362 -0.229141 
1.577007 -0.177771 
1.540682 -0.177771 
1.570362 -0.229141 
1.577007 -0.177771 
1.587484 -0.096768 
1.540682 -0.177771 
1.577007 -0.177771 
-1.145879 -0.150000 
-1.113788 -0.150000 
-1.027121 0.000000 
-1.232546 0.000000 
-1.145879 -0.150000 
-1.113788 -0.150000 
-0.940455 -0.150000 
-1.027121 0.000000 
-1.113788 -0.150000 
-0.940455 -0.150000 
-0.908364 -0.150000 
-0.821697 0.000000 
-1.027121 0.000000 
-0.940455 -0.150000 
-0.908364 -0.150000 
-0.735030 -0.150000 
-0.821697 0.000000 
-0.908364 -0.150000 
-0.735030 -0.150000 
-0.702939 -0.150000 
-0.616273 0.000000 
-0.821697 0.000000 
-0.735030 -0.150000 
-0.702939 -0.150000 
-0.529606 -0.150000 
-0.616273 0.000000 
-0.702939 -0.150000 
-0.529606 -0.150000 
-0.497515 -0.150000 
-0.410849 0.000000 
-0.616273 0.000000 
-0.529606 -0.150000 
-0.497515 -0.150000 
-0.324182 -0.150000 
-0.410849 0.000000 
-0.497515 -0.150000 
-0.324182 -0.150000 
-0.292091 -0.150000 
-0.205424 0.000000 
-0.410849 0.000000 
-0.324182 -0.150000 
-0.292091 -0.150000 
-0.118758 -0.150000 
-0.205424 0.000000 
-0.292091 -0.150000 
-0.118758 -0.150000 
-0.086667 -0.150000 
0.000000 0.000000 
-0.205424 0.000000 
-0.118758 -0.150000 
-0.086667 -0.150000 
0.086667 -0.150000 
0.000000 0.000000 
-0.086667 -0.150000 
0.086667 -0.150000 
0.118758 -0.150000 
0.205424 0.000000 
0.000000 0.000000 
0.086667 -0.150000 
0.118758 -0.150000 
0.292091 -0.150000 
0.205424 0.000000 
0.118758 -0.150000 
0.292091 -0.150000 
0.324182 -0.150000 
0.410849 0.000000 
0.205424 0.000000 
0.292091 -0.150000 
0.324182 -0.150000 
0.497515 -0.150000 
0.410849 0.000000 
0.324182 -0.150000 
0.497515 -0.150000 
0.529606 -0.150000 
0.616273 0.000000 
0.410849 0.000000 
0.497515 -0.150000 
0.529606 -0.150000 
0.702939 -0.150000 
0.616273 0.000000 
0.529606 -0.150000 
0.702939 -0.150000 
0.735030 -0.150000 
0.821697 0.000000 
0.616273 0.000000 
0.702939 -0.150000 
0.735030 -0.150000 
0.908364 -0.150000 
0.821697 0.000000 
0.735030 -0.150000 
0.908364 -0.150000 
0.940455 -0.150000 
1.027121 0.000000 
0.821697 0.000000 
0.908364 -0.150000 
0.940455 -0.150000 
1.113788 -0.150000 
1.027121 0.000000 
0.940455 -0.150000 
1.113788 -0.150000 
1.145879 -0.150000 
1.232546 0.000000 
1.027121 0.000000 
1.113788 -0.150000 
-1.145879 0.150000 
-1.232546 0.000000 
-1.027121 0.000000 
-1.113788 0.150000 
-1.145879 0.150000 
-1.113788 0.150000 
-1.027121 0.000000 
-0.940455 0.150000 
-1.113788 0.150000 
-0.940455 0.150000 
-1.027121 0.000000 
-0.821697 0.000000 
-0.908364 0.150000 
-0.940455 0.150000 
-0.908364 0.150000 
-0.821697 0.000000 
-0.735030 0.150000 
-0.908364 0.150000 
-0.735030 0.150000 
-0.821697 0.000000 
-0.616273 0.000000 
-0.702939 0.150000 
-0.735030 0.150000 
-0.702939 0.150000 
-0.616273 0.000000 
-0.529606 0.150000 
-0.702939 0.150000 
-0.529606 0.150000 
-0.616273 0.000000 
-0.410849 0.000000 
-0.497515 0.150000 
-0.529606 0.150000 
-0.497515 0.150000 
-0.410849 0.000000 
-0.324182 0.150000 
-0.497515 0.150000 
-0.324182 0.150000 
-0.410849 0.000000 
-0.205424 0.000000 
-0.292091 0.150000 
-0.324182 0.150000 
-0.292091 0.150000 
-0.205424 0.000000 
-0.118758 0.150000 
-0.292091 0.150000 
-0.118758 0.150000 
-0.205424 0.000000 
0.000000 0.000000 
-0.086667 0.150000 
-0.118758 0.150000 
-0.086667 0.150000 
0.000000 0.000000 
0.086667 0.150000 
-0.086667 0.150000 
0.086667 0.150000 
0.000000 0.000000 
0.205424 0.000000 
0.118758 0.150000 
0.086667 0.150000 
0.118758 0.150000 
0.205424 0.000000 
0.292091 0.150000 
0.118758 0.150000 
0.292091 0.150000 
0.205424 0.000000 
0.410849 0.000000 
0.324182 0.150000 
0.292091 0.150000 
0.324182 0.150000 
0.410849 0.000000 
0.497515 0.150000 
0.324182 0.150000 
0.497515 0.150000 
0.410849 0.000000 
0.616273 0.000000 
0.529606 0.150000 
0.497515 0.150000 
0.529606 0.150000 
0.616273 0.000000 
0.702939 0.150000 
0.529606 0.150000 
0.702939 0.150000 
0.616273 0.000000 
0.821697 0.000000 
0.735030 0.150000 
0.702939 0.150000 
0.735030 0.150000 
0.821697 0.000000 
0.908364 0.150000 
0.735030 0.150000 
0.908364 0.150000 
0.821697 0.000000 
1.027121 0.000000 
0.940455 0.150000 
0.908364 0.150000 
0.940455 0.150000 
1.027121 0.000000 
1.113788 0.150000 
0.940455 0.150000 
1.113788 0.150000 
1.027121 0.000000 
1.232546 0.000000 
1.145879 0.150000 
1.113788 0.150000 
-1.335258 -0.177771 
-1.232546 0.000000 
-1.437970 0.000000 
-1.335258 -0.177771 
1.335258 -0.177771 
1.437970 0.000000 
1.232546 0.000000 
1.335258 -0.177771 
-1.437970 0.000000 
-1.232546 0.000000 
-1.335258 0.177771 
-1.437970 0.000000 
1.232546 0.000000 
1.437970 0.000000 
1.335258 0.177771 
1.232546 0.000000 
-0.410849 -1.422168 
-0.205424 -1.422168 
0.000000 -1.422168 
0.205424 -1.422168 
0.410849 -1.422168 
-0.924409 -1.244397 
-0.718985 -1.244397 
-0.513561 -1.244397 
-0.513561 -1.244397 
-0.308136 -1.244397 
-0.308136 -1.244397 
-0.102712 -1.244397 
-0.102712 -1.244397 
0.102712 -1.244397 
0.102712 -1.244397 
0.308136 -1.244397 
0.308136 -1.244397 
0.513561 -1.244397 
0.513561 -1.244397 
0.718985 -1.244397 
0.924409 -1.244397 
-1.232546 -1.066626 
-1.027121 -1.066626 
-0.821697 -1.066626 
-0.821697 -1.066626 
-0.616273 -1.066626 
-0.616273 -1.066626 
-0.410849 -1.066626 
-0.410849 -1.066626 
-0.205424 -1.066626 
-0.205424 -1.066626 
0.000000 -1.066626 
0.000000 -1.066626 
0.205424 -1.066626 
0.205424 -1.066626 
0.410849 -1.066626 
0.410849 -1.066626 
0.616273 -1.066626 
0.616273 -1.066626 
0.821697 -1.066626 
0.821697 -1.066626 
1.027121 -1.066626 
1.232546 -1.066626 
-1.335258 -0.888855 
-1.129833 -0.888855 
-1.129833 -0.888855 
-0.924409 -0.888855 
-0.924409 -0.888855 
-0.718985 -0.888855 
-0.718985 -0.888855 
-0.513561 -0.888855 
-0.513561 -0.888855 
-0.308136 -0.888855 
-0.102712 -0.888855 
0.102712 -0.888855 
0.308136 -0.888855 
0.513561 -0.888855 
0.513561 -0.888855 
0.718985 -0.888855 
0.718985 -0.888855 
0.924409 -0.888855 
0.924409 -0.888855 
1.129833 -0.888855 
1.129833 -0.888855 
1.335258 -0.888855 
-1.437970 -0.711084 
-1.232546 -0.711084 
-1.232546 -0.711084 
-1.027121 -0.711084 
-1.027121 -0.711084 
-0.821697 -0.711084 
-0.821697 -0.711084 
-0.616273 -0.711084 
0.616273 -0.711084 
0.821697 -0.711084 
0.821697 -0.711084 
1.027121 -0.711084 
1.027121 -0.711084 
1.232546 -0.711084 
1.232546 -0.711084 
1.437970 -0.711084 
-1.540682 -0.533313 
-1.335258 -0.533313 
-1.335258 -0.533313 
-1.129833 -0.533313 
-1.129833 -0.533313 
-0.924409 -0.533313 
0.924409 -0.533313 
1.129833 -0.533313 
1.129833 -0.533313 
1.335258 -0.533313 
1.335258 -0.533313 
1.540682 -0.533313 
-1.643394 -0.355542 
-1.437970 -0.355542 
-1.437970 -0.355542 
-1.232546 -0.355542 
-1.232546 -0.355542 
-1.027121 -0.355542 
1.027121 -0.355542 
1.232546 -0.355542 
1.232546 -0.355542 
1.437970 -0.355542 
1.437970 -0.355542 
1.643394 -0.355542 
-1.746106 -0.177771 
-1.540682 -0.177771 
-1.540682 -0.177771 
-1.335258 -0.177771 
-1.335258 -0.177771 
-1.129833 -0.177771 
-0.924409 -0.177771 
-0.718985 -0.177771 
-0.513561 -0.177771 
-0.308136 -0.177771 
-0.102712 -0.177771 
0.102712 -0.177771 
0.308136 -0.177771 
0.513561 -0.177771 
0.718985 -0.177771 
0.924409 -0.177771 
1.129833 -0.177771 
1.335258 -0.177771 
1.335258 -0.177771 
1.540682 -0.177771 
1.540682 -0.177771 
1.746106 -0.177771 
-1.643394 0.000000 
-1.643394 0.000000 
-1.437970 0.000000 
-1.437970 0.000000 
-1.232546 0.000000 
-1.027121 0.000000 
-0.821697 0.000000 
-0.616273 0.000000 
-0.410849 0.000000 
-0.205424 0.000000 
0.000000 0.000000 
0.205424 0.000000 
0.410849 0.000000 
0.616273 0.000000 
0.821697 0.000000 
1.027121 0.000000 
1.232546 0.000000 
1.437970 0.000000 
1.437970 0.000000 
1.643394 0.000000 
1.643394 0.000000 
-1.746106 0.177771 
-1.540682 0.177771 
-1.540682 0.177771 
-1.335258 0.177771 
-1.335258 0.177771 
-1.129833 0.177771 
-0.924409 0.177771 
-0.718985 0.177771 
-0.513561 0.177771 
-0.308136 0.177771 
-0.102712 0.177771 
0.102712 0.177771 
0.308136 0.177771 
0.513561 0.177771 
0.718985 0.177771 
0.924409 0.177771 
1.129833 0.177771 
1.335258 0.177771 
1.335258 0.177771 
1.540682 0.177771 
1.540682 0.177771 
1.746106 0.177771 
-1.643394 0.355542 
-1.437970 0.355542 
-1.437970 0.355542 
-1.232546 0.355542 
-1.232546 0.355542 
-1.027121 0.355542 
1.027121 0.355542 
1.232546 0.355542 
1.232546 0.355542 
1.437970 0.355542 
1.437970 0.355542 
1.643394 0.355542 
-1.540682 0.533313 
-1.335258 0.533313 
-1.335258 0.533313 
-1.129833 0.533313 
-1.129833 0.533313 
-0.924409 0.533313 
0.924409 0.533313 
1.129833 0.533313 
1.129833 0.533313 
1.335258 0.533313 
1.335258 0.533313 
1.540682 0.533313 
-1.437970 0.711084 
-1.232546 0.711084 
-1.232546 0.711084 
-1.027121 0.711084 
-1.027121 0.711084 
-0.821697 0.711084 
-0.821697 0.711084 
-0.616273 0.711084 
0.616273 0.711084 
0.821697 0.711084 
0.821697 0.711084 
1.027121 0.711084 
1.027121 0.711084 
1.232546 0.711084 
1.232546 0.711084 
1.437970 0.711084 
-1.335258 0.888855 
-1.129833 0.888855 
-1.129833 0.888855 
-0.924409 0.888855 
-0.924409 0.888855 
-0.718985 0.888855 
-0.718985 0.888855 
-0.513561 0.888855 
-0.513561 0.888855 
-0.308136 0.888855 
-0.102712 0.888855 
0.102712 0.888855 
0.308136 0.888855 
0.513561 0.888855 
0.513561 0.888855 
0.718985 0.888855 
0.718985 0.888855 
0.924409 0.888855 
0.924409 0.888855 
1.129833 0.888855 
1.129833 0.888855 
1.335258 0.888855 
-1.232546 1.066626 
-1.027121 1.066626 
-0.821697 1.066626 
-0.821697 1.066626 
-0.616273 1.066626 
-0.616273 1.066626 
-0.410849 1.066626 
-0.410849 1.066626 
-0.205424 1.066626 
-0.205424 1.066626 
0.000000 1.066626 
0.000000 1.066626 
0.205424 1.066626 
0.205424 1.066626 
0.410849 1.066626 
0.410849 1.066626 
0.616273 1.066626 
0.616273 1.066626 
0.821697 1.066626 
0.821697 1.066626 
1.027121 1.066626 
1.232546 1.066626 
-0.924409 1.244397 
-0.718985 1.244397 
-0.513561 1.244397 
-0.513561 1.244397 
-0.308136 1.244397 
-0.308136 1.244397 
-0.102712 1.244397 
-0.102712 1.244397 
0.102712 1.244397 
0.102712 1.244397 
0.308136 1.244397 
0.308136 1.244397 
0.513561 1.244397 
0.513561 1.244397 
0.718985 1.244397 
0.924409 1.244397 
-0.410849 1.422168 
-0.205424 1.422168 
0.000000 1.422168 
0.205424 1.422168 
0.410849 1.422168 
1 2 10 
2 3 12 
3 4 14 
4 5 16 
8 1 10 
10 2 12 
12 3 14 
14 4 16 
16 5 18 
6 7 24 
7 8 26 
9 11 28 
8 10 29 
11 13 30 
10 12 31 
12 14 32 
13 15 33 
14 16 34 
15 17 35 
16 18 36 
17 19 37 
18 20 38 
20 21 40 
23 6 24 
24 7 26 
27 9 28 
26 8 29 
28 11 30 
29 10 31 
31 12 32 
30 13 33 
32 14 34 
33 15 35 
34 16 36 
35 17 37 
36 18 38 
37 19 39 
38 20 40 
40 21 42 
22 23 45 
23 24 47 
25 27 49 
24 26 50 
27 28 51 
26 29 52 
28 30 53 
30 33 54 
33 35 55 
35 37 56 
37 39 57 
36 38 58 
38 40 59 
39 41 60 
40 42 61 
42 43 63 
44 22 45 
45 23 47 
48 25 49 
47 24 50 
49 27 51 
50 26 52 
51 28 53 
53 30 54 
54 33 55 
55 35 56 
56 37 57 
57 39 60 
58 38 59 
59 40 61 
60 41 62 
61 42 63 
63 43 65 
44 45 67 
46 48 69 
45 47 70 
48 49 71 
47 50 72 
49 51 73 
57 60 74 
60 62 75 
59 61 76 
61 63 77 
62 64 78 
63 65 79 
66 44 67 
68 46 69 
67 45 70 
69 48 71 
70 47 72 
71 49 73 
74 60 75 
75 62 78 
76 61 77 
77 63 79 
78 64 80 
79 65 81 
66 67 83 
68 69 85 
67 70 86 
69 71 87 
75 78 88 
77 79 89 
78 80 90 
79 81 91 
82 66 83 
84 68 85 
83 67 86 
85 69 87 
88 78 90 
89 79 91 
90 80 92 
91 81 93 
82 83 95 
84 85 97 
83 86 98 
85 87 99 
88 90 100 
89 91 101 
90 92 102 
91 93 103 
94 82 95 
96 84 97 
95 83 98 
97 85 99 
100 90 102 
101 91 103 
102 92 104 
103 93 105 
94 95 107 
96 97 109 
95 98 110 
97 99 111 
100 102 122 
101 103 123 
102 104 124 
103 105 125 
106 94 107 
108 96 109 
107 95 110 
109 97 111 
122 102 124 
123 103 125 
124 104 126 
125 105 127 
106 107 128 
108 109 130 
107 110 131 
109 111 132 
111 112 133 
112 113 134 
113 114 135 
114 115 136 
115 116 137 
116 117 138 
117 118 139 
118 119 140 
119 120 141 
120 121 142 
121 122 143 
122 124 144 
123 125 145 
124 126 146 
125 127 147 
129 108 130 
128 107 131 
130 109 132 
132 111 133 
133 112 134 
134 113 135 
135 114 136 
136 115 137 
137 116 138 
138 117 139 
139 118 140 
140 119 141 
141 120 142 
142 121 143 
143 122 144 
144 124 146 
145 125 147 
146 126 148 
129 130 150 
128 131 151 
130 132 152 
132 133 154 
133 134 155 
134 135 156 
135 136 157 
136 137 158 
137 138 159 
138 139 160 
139 140 161 
140 141 162 
141 142 163 
142 143 164 
143 144 165 
144 146 166 
145 147 168 
146 148 169 
149 128 151 
150 130 152 
151 131 153 
152 132 154 
154 133 155 
155 134 156 
156 135 157 
157 136 158 
158 137 159 
159 138 160 
160 139 161 
161 140 162 
162 141 163 
163 142 164 
164 143 165 
165 144 166 
167 145 168 
166 146 169 
168 147 170 
149 151 171 
150 152 172 
151 153 173 
152 154 174 
165 166 178 
167 168 180 
166 169 181 
168 170 182 
171 151 173 
172 152 174 
173 153 175 
174 154 176 
177 165 178 
179 167 180 
178 166 181 
180 168 182 
171 173 183 
172 174 184 
173 175 185 
174 176 186 
177 178 190 
179 180 192 
178 181 193 
180 182 194 
183 173 185 
184 174 186 
185 175 187 
186 176 188 
189 177 190 
191 179 192 
190 178 193 
192 180 194 
183 185 195 
184 186 196 
185 187 197 
186 188 198 
189 190 206 
191 192 208 
190 193 209 
192 194 210 
195 185 197 
196 186 198 
197 187 199 
198 188 200 
204 189 206 
207 191 208 
206 190 209 
208 192 210 
195 197 211 
196 198 212 
197 199 213 
198 200 214 
199 201 215 
200 202 216 
203 204 226 
204 206 228 
205 207 229 
207 208 230 
206 209 231 
208 210 232 
211 197 213 
212 198 214 
213 199 215 
214 200 216 
215 201 217 
216 202 218 
224 203 226 
226 204 228 
227 205 229 
229 207 230 
228 206 231 
230 208 232 
211 213 233 
213 215 234 
214 216 235 
215 217 236 
216 218 237 
217 219 238 
218 220 239 
220 221 241 
221 222 243 
222 223 245 
223 224 247 
224 226 249 
225 227 250 
227 229 251 
226 228 252 
229 230 253 
230 232 254 
233 213 234 
234 215 236 
235 216 237 
236 217 238 
237 218 239 
238 219 240 
239 220 241 
241 221 243 
243 222 245 
245 223 247 
247 224 249 
248 225 250 
250 227 251 
249 226 252 
251 229 253 
253 230 254 
234 236 255 
236 238 256 
237 239 257 
238 240 258 
239 241 259 
240 242 260 
241 243 261 
242 244 262 
244 246 263 
243 245 264 
246 248 265 
245 247 266 
248 250 267 
247 249 268 
250 251 269 
251 253 270 
255 236 256 
256 238 258 
257 239 259 
258 240 260 
259 241 261 
260 242 262 
261 243 264 
262 244 263 
263 246 265 
264 245 266 
265 248 267 
266 247 268 
267 250 269 
269 251 270 
258 260 271 
260 262 272 
262 263 273 
263 265 274 
265 267 275 
271 260 272 
272 262 273 
273 263 274 
274 265 275 
1 74 
76 149 
151 264 
266 379 
381 506 
5 1 
1 1 
11 1 
7 1 
1743 1 
1738 1 
1734 1 
1729 1 
1725 1 
1720 1 
1716 1 
1711 1 
1707 1 
1702 1 
1698 1 
1693 1 
1689 1 
1684 1 
1680 1 
1675 1 
1671 1 
1666 1 
1662 1 
1657 1 
1653 1 
1648 1 
1644 1 
183 1 
179 1 
173 1 
169 1 
175 1 
163 1 
159 1 
165 1 
153 1 
149 1 
155 1 
137 1 
132 1 
139 1 
145 1 
118 1 
115 1 
120 1 
126 1 
104 1 
101 1 
106 1 
111 1 
95 1 
91 1 
97 1 
80 1 
76 1 
82 1 
86 1 
62 1 
59 1 
70 1 
68 1 
47 1 
44 1 
49 1 
53 1 
38 1 
33 1 
42 1 
27 1 
23 1 
31 1 
17 1 
13 1 
21 1 
5 1 
189 1 
185 1 
195 1 
191 1 
1537 1 
1542 1 
1546 1 
1551 1 
1555 1 
1560 1 
1564 1 
1569 1 
1573 1 
1578 1 
1582 1 
1587 1 
1591 1 
1596 1 
1600 1 
1605 1 
1609 1 
1614 1 
1618 1 
1623 1 
1627 1 
1632 1 
1636 1 
367 1 
363 1 
357 1 
353 1 
361 1 
347 1 
343 1 
351 1 
337 1 
333 1 
341 1 
321 1 
316 1 
331 1 
325 1 
302 1 
299 1 
314 1 
308 1 
288 1 
285 1 
297 1 
292 1 
279 1 
275 1 
283 1 
264 1 
260 1 
273 1 
269 1 
246 1 
243 1 
258 1 
248 1 
231 1 
228 1 
241 1 
237 1 
222 1 
217 1 
224 1 
211 1 
207 1 
213 1 
201 1 
197 1 
203 1 
189 1 
373 1 
369 1 
402 1 
390 1 
380 1 
1128 1 
1110 1 
1106 1 
1119 1 
1081 1 
1077 1 
1099 1 
1091 1 
1060 1 
1057 1 
1071 1 
1033 1 
1029 1 
1055 1 
1051 1 
1043 1 
1014 1 
1010 1 
1027 1 
1023 1 
974 1 
969 1 
1004 1 
992 1 
984 1 
952 1 
949 1 
963 1 
912 1 
909 1 
947 1 
938 1 
929 1 
899 1 
894 1 
901 1 
907 1 
870 1 
866 1 
876 1 
881 1 
887 1 
850 1 
846 1 
856 1 
821 1 
818 1 
827 1 
837 1 
801 1 
797 1 
808 1 
781 1 
777 1 
788 1 
761 1 
751 1 
768 1 
732 1 
728 1 
739 1 
703 1 
699 1 
710 1 
718 1 
683 1 
680 1 
689 1 
655 1 
651 1 
657 1 
661 1 
669 1 
636 1 
632 1 
638 1 
642 1 
596 1 
591 1 
602 1 
614 1 
622 1 
575 1 
572 1 
581 1 
529 1 
526 1 
537 1 
546 1 
555 1 
511 1 
506 1 
524 1 
518 1 
482 1 
478 1 
500 1 
495 1 
489 1 
462 1 
458 1 
472 1 
432 1 
429 1 
452 1 
442 1 
413 1 
409 1 
422 1 
373 1 
378 1 
375 1 
424 1 
418 1 
415 1 
444 1 
454 1 
438 1 
434 1 
474 1 
467 1 
464 1 
36 1 
55 1 
502 1 
487 1 
484 1 
66 1 
72 1 
516 1 
513 1 
564 1 
553 1 
544 1 
535 1 
531 1 
579 1 
570 1 
566 1 
620 1 
612 1 
600 1 
589 1 
586 1 
129 1 
122 1 
630 1 
627 1 
667 1 
142 1 
134 1 
649 1 
646 1 
687 1 
678 1 
674 1 
716 1 
708 1 
697 1 
694 1 
737 1 
726 1 
723 1 
766 1 
749 1 
743 1 
786 1 
775 1 
772 1 
806 1 
795 1 
792 1 
835 1 
825 1 
816 1 
812 1 
854 1 
844 1 
841 1 
220 1 
234 1 
874 1 
864 1 
861 1 
251 1 
255 1 
892 1 
889 1 
920 1 
931 1 
940 1 
918 1 
914 1 
965 1 
958 1 
954 1 
986 1 
994 1 
1006 1 
979 1 
976 1 
306 1 
311 1 
1019 1 
1016 1 
1045 1 
329 1 
318 1 
1038 1 
1035 1 
1073 1 
1066 1 
1062 1 
1093 1 
1101 1 
1086 1 
1083 1 
1121 1 
1115 1 
1112 1 
1130 1 
398 1 
392 1 
404 1 
378 1 
1139 1 
1135 1 
1155 1 
1153 1 
1149 1 
1164 1 
1168 1 
1162 1 
1159 1 
1179 1 
1184 1 
1190 1 
1177 1 
1173 1 
1197 1 
1202 1 
1195 1 
1192 1 
1213 1 
1208 1 
509 1 
557 1 
558 1 
1221 1 
1227 1 
1219 1 
1215 1 
1246 1 
1242 1 
1237 1 
1233 1 
1229 1 
1254 1 
1250 1 
605 1 
606 1 
593 1 
1268 1 
1264 1 
1259 1 
1256 1 
1283 1 
1279 1 
1274 1 
1270 1 
1301 1 
1297 1 
1293 1 
1288 1 
1285 1 
1316 1 
1311 1 
1307 1 
1303 1 
1326 1 
1322 1 
1318 1 
1334 1 
1330 1 
754 1 
758 1 
1348 1 
1344 1 
1340 1 
1336 1 
1358 1 
1354 1 
1350 1 
1372 1 
1368 1 
1363 1 
1360 1 
1391 1 
1386 1 
1380 1 
1378 1 
1374 1 
1405 1 
1400 1 
1396 1 
1393 1 
1407 1 
1412 1 
897 1 
925 1 
926 1 
1428 1 
1422 1 
1420 1 
1416 1 
1436 1 
1440 1 
1445 1 
1434 1 
1430 1 
1449 1 
1453 1 
1001 1 
1002 1 
971 1 
1462 1 
1466 1 
1460 1 
1457 1 
1477 1 
1481 1 
1475 1 
1471 1 
1491 1 
1495 1 
1499 1 
1489 1 
1486 1 
1510 1 
1515 1 
1508 1 
1504 1 
1525 1 
1523 1 
1519 1 
1529 1 
1533 1 
383 1 
387 1 
1141 1 
1145 1 
1139 1 
