400 22 0 0
1658 231 1 119 
    0.0000000000     0.0000000000     1.0000000000 
    0.0050000000     0.0000000000    41.0000000000 
    0.0100000000     0.0000000000    81.0000000000 
    0.0150000000     0.0000000000   121.0000000000 
    0.0200000000     0.0000000000   161.0000000000 
    0.0250000000     0.0000000000   162.0000000000 
    0.0300000000     0.0000000000   202.0000000000 
    0.0350000000     0.0000000000   242.0000000000 
    0.0400000000     0.0000000000   282.0000000000 
    0.0450000000     0.0000000000   322.0000000000 
    0.0500000000     0.0000000000   362.0000000000 
    0.0000000000     0.1000000000    39.0000000000 
    0.0050000000     0.1000000000    79.0000000000 
    0.0100000000     0.1000000000   119.0000000000 
    0.0150000000     0.1000000000   159.0000000000 
    0.0200000000     0.1000000000   199.0000000000 
    0.0250000000     0.1000000000   200.0000000000 
    0.0300000000     0.1000000000   240.0000000000 
    0.0350000000     0.1000000000   280.0000000000 
    0.0400000000     0.1000000000   320.0000000000 
    0.0450000000     0.1000000000   360.0000000000 
    0.0500000000     0.1000000000   400.0000000000 
6 8 1 
10 14 1 
345 347 1 
349 352 1 
354 356 1 
358 361 1 
363 365 1 
367 370 1 
372 374 1 
376 379 1 
381 383 1 
385 388 1 
390 392 1 
394 397 1 
399 401 1 
403 406 1 
408 410 1 
412 415 1 
417 419 1 
421 424 1 
426 428 1 
430 433 1 
435 437 1 
439 442 1 
444 446 1 
448 451 1 
453 455 1 
457 460 1 
462 464 1 
466 469 1 
471 473 1 
475 478 1 
480 482 1 
484 487 1 
489 491 1 
493 496 1 
498 500 1 
502 505 1 
264 267 1 
269 271 1 
16 18 1 
20 23 1 
507 509 1 
511 513 1 
515 517 1 
519 521 1 
523 525 1 
527 529 1 
531 533 1 
535 537 1 
539 541 1 
543 545 1 
547 549 1 
551 553 1 
555 557 1 
559 561 1 
563 565 1 
567 569 1 
571 573 1 
575 577 1 
579 581 1 
583 585 1 
587 589 1 
591 593 1 
595 597 1 
599 601 1 
603 605 1 
607 609 1 
611 613 1 
615 617 1 
619 621 1 
623 625 1 
627 629 1 
631 633 1 
635 637 1 
639 641 1 
643 645 1 
647 649 1 
273 276 1 
278 280 1 
25 27 1 
29 32 1 
651 653 1 
655 657 1 
659 661 1 
663 665 1 
667 669 1 
671 673 1 
675 677 1 
679 681 1 
683 685 1 
687 689 1 
691 693 1 
695 697 1 
699 701 1 
703 705 1 
707 709 1 
711 713 1 
715 717 1 
719 721 1 
723 725 1 
727 729 1 
731 733 1 
735 737 1 
739 741 1 
743 745 1 
747 749 1 
751 753 1 
755 757 1 
759 761 1 
763 765 1 
767 769 1 
771 773 1 
775 777 1 
779 781 1 
783 785 1 
787 789 1 
791 793 1 
282 285 1 
287 289 1 
34 36 1 
38 41 1 
795 797 1 
799 801 1 
803 805 1 
807 809 1 
811 813 1 
815 817 1 
819 821 1 
823 825 1 
827 829 1 
831 833 1 
835 837 1 
839 841 1 
843 845 1 
847 849 1 
851 853 1 
855 857 1 
859 861 1 
863 865 1 
867 869 1 
871 873 1 
875 877 1 
879 881 1 
883 885 1 
887 889 1 
891 893 1 
895 897 1 
899 901 1 
903 905 1 
907 909 1 
911 913 1 
915 917 1 
919 921 1 
923 925 1 
927 929 1 
931 933 1 
935 937 1 
291 294 1 
296 298 1 
43 45 1 
47 50 1 
939 941 1 
943 945 1 
947 949 1 
951 953 1 
955 957 1 
959 961 1 
963 965 1 
967 969 1 
971 973 1 
975 977 1 
979 981 1 
983 985 1 
987 989 1 
991 993 1 
995 997 1 
999 1001 1 
1003 1005 1 
1007 1009 1 
1011 1013 1 
1015 1017 1 
1019 1021 1 
1023 1025 1 
1027 1029 1 
1031 1033 1 
1035 1037 1 
1039 1041 1 
1043 1045 1 
1047 1049 1 
1051 1053 1 
1055 1057 1 
1059 1061 1 
1063 1065 1 
1067 1069 1 
1071 1073 1 
1075 1077 1 
1079 1081 1 
300 303 1 
305 307 1 
52 54 1 
56 59 1 
1083 1085 1 
1087 1089 1 
1091 1093 1 
1095 1097 1 
1099 1101 1 
1103 1105 1 
1107 1109 1 
1111 1113 1 
1115 1117 1 
1119 1121 1 
1123 1125 1 
1127 1129 1 
1131 1133 1 
1135 1137 1 
1139 1141 1 
1143 1145 1 
1147 1149 1 
1151 1153 1 
1155 1157 1 
1159 1161 1 
1163 1165 1 
1167 1169 1 
1171 1173 1 
1175 1177 1 
1179 1181 1 
1183 1185 1 
1187 1189 1 
1191 1193 1 
1195 1197 1 
1199 1201 1 
1203 1205 1 
1207 1209 1 
1211 1213 1 
1215 1217 1 
1219 1221 1 
1223 1225 1 
309 312 1 
314 316 1 
61 63 1 
65 68 1 
1227 1229 1 
1231 1233 1 
1235 1237 1 
1239 1241 1 
1243 1245 1 
1247 1249 1 
1251 1253 1 
1255 1257 1 
1259 1261 1 
1263 1265 1 
1267 1269 1 
1271 1273 1 
1275 1277 1 
1279 1281 1 
1283 1285 1 
1287 1289 1 
1291 1293 1 
1295 1297 1 
1299 1301 1 
1303 1305 1 
1307 1309 1 
1311 1313 1 
1315 1317 1 
1319 1321 1 
1323 1325 1 
1327 1329 1 
1331 1333 1 
1335 1337 1 
1339 1341 1 
1343 1345 1 
1347 1349 1 
1351 1353 1 
1355 1357 1 
1359 1361 1 
1363 1365 1 
1367 1369 1 
318 321 1 
323 325 1 
70 72 1 
74 77 1 
1371 1373 1 
1375 1377 1 
1379 1381 1 
1383 1385 1 
1387 1389 1 
1391 1393 1 
1395 1397 1 
1399 1401 1 
1403 1405 1 
1407 1409 1 
1411 1413 1 
1415 1417 1 
1419 1421 1 
1423 1425 1 
1427 1429 1 
1431 1433 1 
1435 1437 1 
1439 1441 1 
1443 1445 1 
1447 1449 1 
1451 1453 1 
1455 1457 1 
1459 1461 1 
1463 1465 1 
1467 1469 1 
1471 1473 1 
1475 1477 1 
1479 1481 1 
1483 1485 1 
1487 1489 1 
1491 1493 1 
1495 1497 1 
1499 1501 1 
1503 1505 1 
1507 1509 1 
1511 1513 1 
327 330 1 
332 334 1 
79 81 1 
83 86 1 
1515 1517 1 
1519 1521 1 
1523 1525 1 
1527 1529 1 
1531 1533 1 
1535 1537 1 
1539 1541 1 
1543 1545 1 
1547 1549 1 
1551 1553 1 
1555 1557 1 
1559 1561 1 
1563 1565 1 
1567 1569 1 
1571 1573 1 
1575 1577 1 
1579 1581 1 
1583 1585 1 
1587 1589 1 
1591 1593 1 
1595 1597 1 
1599 1601 1 
1603 1605 1 
1607 1609 1 
1611 1613 1 
1615 1617 1 
1619 1621 1 
1623 1625 1 
1627 1629 1 
1631 1633 1 
1635 1637 1 
1639 1641 1 
1643 1645 1 
1647 1649 1 
1651 1653 1 
1655 1657 1 
336 339 1 
341 343 1 
88 90 1 
1 4 1 
96 99 1 
101 103 1 
105 108 1 
110 112 1 
114 117 1 
119 121 1 
123 126 1 
128 130 1 
132 135 1 
137 139 1 
141 144 1 
146 148 1 
150 153 1 
155 157 1 
159 162 1 
164 166 1 
168 171 1 
173 175 1 
177 180 1 
182 184 1 
186 189 1 
191 193 1 
195 198 1 
200 202 1 
204 207 1 
209 211 1 
213 216 1 
218 220 1 
222 225 1 
227 229 1 
231 234 1 
236 238 1 
240 243 1 
245 247 1 
249 252 1 
254 256 1 
258 262 1 
92 94 1 
    0.0500000000     0.0000000000 
    0.0500000000     0.0041000000 
    0.0458000000     0.0041000000 
    0.0499803922     0.0000000000 
    0.0500000000     0.0000000000 
    0.0000000000     0.0000000000 
    0.0031803922     0.0000000000 
    0.0000000000     0.0031192308 
    0.0000000000     0.0000000000 
    0.0031803922     0.0000000000 
    0.0042000000     0.0000000000 
    0.0042000000     0.0041000000 
    0.0000000000     0.0041000000 
    0.0000000000     0.0031192308 
    0.0031803922     0.0000000000 
    0.0042000000     0.0000000000 
    0.0083803922     0.0000000000 
    0.0042000000     0.0041000000 
    0.0042000000     0.0000000000 
    0.0083803922     0.0000000000 
    0.0094000000     0.0000000000 
    0.0094000000     0.0041000000 
    0.0042000000     0.0041000000 
    0.0083803922     0.0000000000 
    0.0094000000     0.0000000000 
    0.0135803922     0.0000000000 
    0.0094000000     0.0041000000 
    0.0094000000     0.0000000000 
    0.0135803922     0.0000000000 
    0.0146000000     0.0000000000 
    0.0146000000     0.0041000000 
    0.0094000000     0.0041000000 
    0.0135803922     0.0000000000 
    0.0146000000     0.0000000000 
    0.0187803922     0.0000000000 
    0.0146000000     0.0041000000 
    0.0146000000     0.0000000000 
    0.0187803922     0.0000000000 
    0.0198000000     0.0000000000 
    0.0198000000     0.0041000000 
    0.0146000000     0.0041000000 
    0.0187803922     0.0000000000 
    0.0198000000     0.0000000000 
    0.0239803922     0.0000000000 
    0.0198000000     0.0041000000 
    0.0198000000     0.0000000000 
    0.0239803922     0.0000000000 
    0.0250000000     0.0000000000 
    0.0250000000     0.0041000000 
    0.0198000000     0.0041000000 
    0.0239803922     0.0000000000 
    0.0250000000     0.0000000000 
    0.0291803922     0.0000000000 
    0.0250000000     0.0041000000 
    0.0250000000     0.0000000000 
    0.0291803922     0.0000000000 
    0.0302000000     0.0000000000 
    0.0302000000     0.0041000000 
    0.0250000000     0.0041000000 
    0.0291803922     0.0000000000 
    0.0302000000     0.0000000000 
    0.0343803922     0.0000000000 
    0.0302000000     0.0041000000 
    0.0302000000     0.0000000000 
    0.0343803922     0.0000000000 
    0.0354000000     0.0000000000 
    0.0354000000     0.0041000000 
    0.0302000000     0.0041000000 
    0.0343803922     0.0000000000 
    0.0354000000     0.0000000000 
    0.0395803922     0.0000000000 
    0.0354000000     0.0041000000 
    0.0354000000     0.0000000000 
    0.0395803922     0.0000000000 
    0.0406000000     0.0000000000 
    0.0406000000     0.0041000000 
    0.0354000000     0.0041000000 
    0.0395803922     0.0000000000 
    0.0406000000     0.0000000000 
    0.0447803922     0.0000000000 
    0.0406000000     0.0041000000 
    0.0406000000     0.0000000000 
    0.0447803922     0.0000000000 
    0.0458000000     0.0000000000 
    0.0458000000     0.0041000000 
    0.0406000000     0.0041000000 
    0.0447803922     0.0000000000 
    0.0458000000     0.0000000000 
    0.0499803922     0.0000000000 
    0.0458000000     0.0041000000 
    0.0458000000     0.0000000000 
    0.0500000000     0.1000000000 
    0.0468196078     0.1000000000 
    0.0500000000     0.0968807692 
    0.0500000000     0.1000000000 
    0.0500000000     0.0041000000 
    0.0500000000     0.0050807692 
    0.0458000000     0.0092000000 
    0.0458000000     0.0041000000 
    0.0500000000     0.0041000000 
    0.0500000000     0.0050807692 
    0.0500000000     0.0092000000 
    0.0458000000     0.0092000000 
    0.0500000000     0.0050807692 
    0.0500000000     0.0092000000 
    0.0500000000     0.0101807692 
    0.0458000000     0.0143000000 
    0.0458000000     0.0092000000 
    0.0500000000     0.0092000000 
    0.0500000000     0.0101807692 
    0.0500000000     0.0143000000 
    0.0458000000     0.0143000000 
    0.0500000000     0.0101807692 
    0.0500000000     0.0143000000 
    0.0500000000     0.0152807692 
    0.0458000000     0.0194000000 
    0.0458000000     0.0143000000 
    0.0500000000     0.0143000000 
    0.0500000000     0.0152807692 
    0.0500000000     0.0194000000 
    0.0458000000     0.0194000000 
    0.0500000000     0.0152807692 
    0.0500000000     0.0194000000 
    0.0500000000     0.0203807692 
    0.0458000000     0.0245000000 
    0.0458000000     0.0194000000 
    0.0500000000     0.0194000000 
    0.0500000000     0.0203807692 
    0.0500000000     0.0245000000 
    0.0458000000     0.0245000000 
    0.0500000000     0.0203807692 
    0.0500000000     0.0245000000 
    0.0500000000     0.0254807692 
    0.0458000000     0.0296000000 
    0.0458000000     0.0245000000 
    0.0500000000     0.0245000000 
    0.0500000000     0.0254807692 
    0.0500000000     0.0296000000 
    0.0458000000     0.0296000000 
    0.0500000000     0.0254807692 
    0.0500000000     0.0296000000 
    0.0500000000     0.0305807692 
    0.0458000000     0.0347000000 
    0.0458000000     0.0296000000 
    0.0500000000     0.0296000000 
    0.0500000000     0.0305807692 
    0.0500000000     0.0347000000 
    0.0458000000     0.0347000000 
    0.0500000000     0.0305807692 
    0.0500000000     0.0347000000 
    0.0500000000     0.0356807692 
    0.0458000000     0.0398000000 
    0.0458000000     0.0347000000 
    0.0500000000     0.0347000000 
    0.0500000000     0.0356807692 
    0.0500000000     0.0398000000 
    0.0458000000     0.0398000000 
    0.0500000000     0.0356807692 
    0.0500000000     0.0398000000 
    0.0500000000     0.0407807692 
    0.0458000000     0.0449000000 
    0.0458000000     0.0398000000 
    0.0500000000     0.0398000000 
    0.0500000000     0.0407807692 
    0.0500000000     0.0449000000 
    0.0458000000     0.0449000000 
    0.0500000000     0.0407807692 
    0.0500000000     0.0449000000 
    0.0500000000     0.0458807692 
    0.0458000000     0.0500000000 
    0.0458000000     0.0449000000 
    0.0500000000     0.0449000000 
    0.0500000000     0.0458807692 
    0.0500000000     0.0500000000 
    0.0458000000     0.0500000000 
    0.0500000000     0.0458807692 
    0.0500000000     0.0500000000 
    0.0500000000     0.0509807692 
    0.0458000000     0.0551000000 
    0.0458000000     0.0500000000 
    0.0500000000     0.0500000000 
    0.0500000000     0.0509807692 
    0.0500000000     0.0551000000 
    0.0458000000     0.0551000000 
    0.0500000000     0.0509807692 
    0.0500000000     0.0551000000 
    0.0500000000     0.0560807692 
    0.0458000000     0.0602000000 
    0.0458000000     0.0551000000 
    0.0500000000     0.0551000000 
    0.0500000000     0.0560807692 
    0.0500000000     0.0602000000 
    0.0458000000     0.0602000000 
    0.0500000000     0.0560807692 
    0.0500000000     0.0602000000 
    0.0500000000     0.0611807692 
    0.0458000000     0.0653000000 
    0.0458000000     0.0602000000 
    0.0500000000     0.0602000000 
    0.0500000000     0.0611807692 
    0.0500000000     0.0653000000 
    0.0458000000     0.0653000000 
    0.0500000000     0.0611807692 
    0.0500000000     0.0653000000 
    0.0500000000     0.0662807692 
    0.0458000000     0.0704000000 
    0.0458000000     0.0653000000 
    0.0500000000     0.0653000000 
    0.0500000000     0.0662807692 
    0.0500000000     0.0704000000 
    0.0458000000     0.0704000000 
    0.0500000000     0.0662807692 
    0.0500000000     0.0704000000 
    0.0500000000     0.0713807692 
    0.0458000000     0.0755000000 
    0.0458000000     0.0704000000 
    0.0500000000     0.0704000000 
    0.0500000000     0.0713807692 
    0.0500000000     0.0755000000 
    0.0458000000     0.0755000000 
    0.0500000000     0.0713807692 
    0.0500000000     0.0755000000 
    0.0500000000     0.0764807692 
    0.0458000000     0.0806000000 
    0.0458000000     0.0755000000 
    0.0500000000     0.0755000000 
    0.0500000000     0.0764807692 
    0.0500000000     0.0806000000 
    0.0458000000     0.0806000000 
    0.0500000000     0.0764807692 
    0.0500000000     0.0806000000 
    0.0500000000     0.0815807692 
    0.0458000000     0.0857000000 
    0.0458000000     0.0806000000 
    0.0500000000     0.0806000000 
    0.0500000000     0.0815807692 
    0.0500000000     0.0857000000 
    0.0458000000     0.0857000000 
    0.0500000000     0.0815807692 
    0.0500000000     0.0857000000 
    0.0500000000     0.0866807692 
    0.0458000000     0.0908000000 
    0.0458000000     0.0857000000 
    0.0500000000     0.0857000000 
    0.0500000000     0.0866807692 
    0.0500000000     0.0908000000 
    0.0458000000     0.0908000000 
    0.0500000000     0.0866807692 
    0.0500000000     0.0908000000 
    0.0500000000     0.0917807692 
    0.0458000000     0.0959000000 
    0.0458000000     0.0908000000 
    0.0500000000     0.0908000000 
    0.0500000000     0.0917807692 
    0.0500000000     0.0959000000 
    0.0458000000     0.0959000000 
    0.0500000000     0.0917807692 
    0.0500000000     0.0959000000 
    0.0500000000     0.0968807692 
    0.0468196078     0.1000000000 
    0.0458000000     0.1000000000 
    0.0458000000     0.0959000000 
    0.0500000000     0.0959000000 
    0.0000000000     0.1000000000 
    0.0000000000     0.0959000000 
    0.0042000000     0.0959000000 
    0.0000196078     0.1000000000 
    0.0000000000     0.1000000000 
    0.0000196078     0.1000000000 
    0.0042000000     0.0959000000 
    0.0042000000     0.1000000000 
    0.0000196078     0.1000000000 
    0.0042000000     0.1000000000 
    0.0042000000     0.0959000000 
    0.0094000000     0.0959000000 
    0.0052196078     0.1000000000 
    0.0042000000     0.1000000000 
    0.0052196078     0.1000000000 
    0.0094000000     0.0959000000 
    0.0094000000     0.1000000000 
    0.0052196078     0.1000000000 
    0.0094000000     0.1000000000 
    0.0094000000     0.0959000000 
    0.0146000000     0.0959000000 
    0.0104196078     0.1000000000 
    0.0094000000     0.1000000000 
    0.0104196078     0.1000000000 
    0.0146000000     0.0959000000 
    0.0146000000     0.1000000000 
    0.0104196078     0.1000000000 
    0.0146000000     0.1000000000 
    0.0146000000     0.0959000000 
    0.0198000000     0.0959000000 
    0.0156196078     0.1000000000 
    0.0146000000     0.1000000000 
    0.0156196078     0.1000000000 
    0.0198000000     0.0959000000 
    0.0198000000     0.1000000000 
    0.0156196078     0.1000000000 
    0.0198000000     0.1000000000 
    0.0198000000     0.0959000000 
    0.0250000000     0.0959000000 
    0.0208196078     0.1000000000 
    0.0198000000     0.1000000000 
    0.0208196078     0.1000000000 
    0.0250000000     0.0959000000 
    0.0250000000     0.1000000000 
    0.0208196078     0.1000000000 
    0.0250000000     0.1000000000 
    0.0250000000     0.0959000000 
    0.0302000000     0.0959000000 
    0.0260196078     0.1000000000 
    0.0250000000     0.1000000000 
    0.0260196078     0.1000000000 
    0.0302000000     0.0959000000 
    0.0302000000     0.1000000000 
    0.0260196078     0.1000000000 
    0.0302000000     0.1000000000 
    0.0302000000     0.0959000000 
    0.0354000000     0.0959000000 
    0.0312196078     0.1000000000 
    0.0302000000     0.1000000000 
    0.0312196078     0.1000000000 
    0.0354000000     0.0959000000 
    0.0354000000     0.1000000000 
    0.0312196078     0.1000000000 
    0.0354000000     0.1000000000 
    0.0354000000     0.0959000000 
    0.0406000000     0.0959000000 
    0.0364196078     0.1000000000 
    0.0354000000     0.1000000000 
    0.0364196078     0.1000000000 
    0.0406000000     0.0959000000 
    0.0406000000     0.1000000000 
    0.0364196078     0.1000000000 
    0.0406000000     0.1000000000 
    0.0406000000     0.0959000000 
    0.0458000000     0.0959000000 
    0.0416196078     0.1000000000 
    0.0406000000     0.1000000000 
    0.0416196078     0.1000000000 
    0.0458000000     0.0959000000 
    0.0458000000     0.1000000000 
    0.0416196078     0.1000000000 
    0.0000000000     0.0041000000 
    0.0042000000     0.0041000000 
    0.0000000000     0.0082192308 
    0.0000000000     0.0041000000 
    0.0000000000     0.0082192308 
    0.0042000000     0.0041000000 
    0.0042000000     0.0092000000 
    0.0000000000     0.0092000000 
    0.0000000000     0.0082192308 
    0.0000000000     0.0092000000 
    0.0042000000     0.0092000000 
    0.0000000000     0.0133192308 
    0.0000000000     0.0092000000 
    0.0000000000     0.0133192308 
    0.0042000000     0.0092000000 
    0.0042000000     0.0143000000 
    0.0000000000     0.0143000000 
    0.0000000000     0.0133192308 
    0.0000000000     0.0143000000 
    0.0042000000     0.0143000000 
    0.0000000000     0.0184192308 
    0.0000000000     0.0143000000 
    0.0000000000     0.0184192308 
    0.0042000000     0.0143000000 
    0.0042000000     0.0194000000 
    0.0000000000     0.0194000000 
    0.0000000000     0.0184192308 
    0.0000000000     0.0194000000 
    0.0042000000     0.0194000000 
    0.0000000000     0.0235192308 
    0.0000000000     0.0194000000 
    0.0000000000     0.0235192308 
    0.0042000000     0.0194000000 
    0.0042000000     0.0245000000 
    0.0000000000     0.0245000000 
    0.0000000000     0.0235192308 
    0.0000000000     0.0245000000 
    0.0042000000     0.0245000000 
    0.0000000000     0.0286192308 
    0.0000000000     0.0245000000 
    0.0000000000     0.0286192308 
    0.0042000000     0.0245000000 
    0.0042000000     0.0296000000 
    0.0000000000     0.0296000000 
    0.0000000000     0.0286192308 
    0.0000000000     0.0296000000 
    0.0042000000     0.0296000000 
    0.0000000000     0.0337192308 
    0.0000000000     0.0296000000 
    0.0000000000     0.0337192308 
    0.0042000000     0.0296000000 
    0.0042000000     0.0347000000 
    0.0000000000     0.0347000000 
    0.0000000000     0.0337192308 
    0.0000000000     0.0347000000 
    0.0042000000     0.0347000000 
    0.0000000000     0.0388192308 
    0.0000000000     0.0347000000 
    0.0000000000     0.0388192308 
    0.0042000000     0.0347000000 
    0.0042000000     0.0398000000 
    0.0000000000     0.0398000000 
    0.0000000000     0.0388192308 
    0.0000000000     0.0398000000 
    0.0042000000     0.0398000000 
    0.0000000000     0.0439192308 
    0.0000000000     0.0398000000 
    0.0000000000     0.0439192308 
    0.0042000000     0.0398000000 
    0.0042000000     0.0449000000 
    0.0000000000     0.0449000000 
    0.0000000000     0.0439192308 
    0.0000000000     0.0449000000 
    0.0042000000     0.0449000000 
    0.0000000000     0.0490192308 
    0.0000000000     0.0449000000 
    0.0000000000     0.0490192308 
    0.0042000000     0.0449000000 
    0.0042000000     0.0500000000 
    0.0000000000     0.0500000000 
    0.0000000000     0.0490192308 
    0.0000000000     0.0500000000 
    0.0042000000     0.0500000000 
    0.0000000000     0.0541192308 
    0.0000000000     0.0500000000 
    0.0000000000     0.0541192308 
    0.0042000000     0.0500000000 
    0.0042000000     0.0551000000 
    0.0000000000     0.0551000000 
    0.0000000000     0.0541192308 
    0.0000000000     0.0551000000 
    0.0042000000     0.0551000000 
    0.0000000000     0.0592192308 
    0.0000000000     0.0551000000 
    0.0000000000     0.0592192308 
    0.0042000000     0.0551000000 
    0.0042000000     0.0602000000 
    0.0000000000     0.0602000000 
    0.0000000000     0.0592192308 
    0.0000000000     0.0602000000 
    0.0042000000     0.0602000000 
    0.0000000000     0.0643192308 
    0.0000000000     0.0602000000 
    0.0000000000     0.0643192308 
    0.0042000000     0.0602000000 
    0.0042000000     0.0653000000 
    0.0000000000     0.0653000000 
    0.0000000000     0.0643192308 
    0.0000000000     0.0653000000 
    0.0042000000     0.0653000000 
    0.0000000000     0.0694192308 
    0.0000000000     0.0653000000 
    0.0000000000     0.0694192308 
    0.0042000000     0.0653000000 
    0.0042000000     0.0704000000 
    0.0000000000     0.0704000000 
    0.0000000000     0.0694192308 
    0.0000000000     0.0704000000 
    0.0042000000     0.0704000000 
    0.0000000000     0.0745192308 
    0.0000000000     0.0704000000 
    0.0000000000     0.0745192308 
    0.0042000000     0.0704000000 
    0.0042000000     0.0755000000 
    0.0000000000     0.0755000000 
    0.0000000000     0.0745192308 
    0.0000000000     0.0755000000 
    0.0042000000     0.0755000000 
    0.0000000000     0.0796192308 
    0.0000000000     0.0755000000 
    0.0000000000     0.0796192308 
    0.0042000000     0.0755000000 
    0.0042000000     0.0806000000 
    0.0000000000     0.0806000000 
    0.0000000000     0.0796192308 
    0.0000000000     0.0806000000 
    0.0042000000     0.0806000000 
    0.0000000000     0.0847192308 
    0.0000000000     0.0806000000 
    0.0000000000     0.0847192308 
    0.0042000000     0.0806000000 
    0.0042000000     0.0857000000 
    0.0000000000     0.0857000000 
    0.0000000000     0.0847192308 
    0.0000000000     0.0857000000 
    0.0042000000     0.0857000000 
    0.0000000000     0.0898192308 
    0.0000000000     0.0857000000 
    0.0000000000     0.0898192308 
    0.0042000000     0.0857000000 
    0.0042000000     0.0908000000 
    0.0000000000     0.0908000000 
    0.0000000000     0.0898192308 
    0.0000000000     0.0908000000 
    0.0042000000     0.0908000000 
    0.0000000000     0.0949192308 
    0.0000000000     0.0908000000 
    0.0000000000     0.0949192308 
    0.0042000000     0.0908000000 
    0.0042000000     0.0959000000 
    0.0000000000     0.0959000000 
    0.0000000000     0.0949192308 
    0.0042000000     0.0041000000 
    0.0094000000     0.0041000000 
    0.0042000000     0.0092000000 
    0.0042000000     0.0041000000 
    0.0042000000     0.0092000000 
    0.0094000000     0.0041000000 
    0.0094000000     0.0092000000 
    0.0042000000     0.0092000000 
    0.0042000000     0.0092000000 
    0.0094000000     0.0092000000 
    0.0042000000     0.0143000000 
    0.0042000000     0.0092000000 
    0.0042000000     0.0143000000 
    0.0094000000     0.0092000000 
    0.0094000000     0.0143000000 
    0.0042000000     0.0143000000 
    0.0042000000     0.0143000000 
    0.0094000000     0.0143000000 
    0.0042000000     0.0194000000 
    0.0042000000     0.0143000000 
    0.0042000000     0.0194000000 
    0.0094000000     0.0143000000 
    0.0094000000     0.0194000000 
    0.0042000000     0.0194000000 
    0.0042000000     0.0194000000 
    0.0094000000     0.0194000000 
    0.0042000000     0.0245000000 
    0.0042000000     0.0194000000 
    0.0042000000     0.0245000000 
    0.0094000000     0.0194000000 
    0.0094000000     0.0245000000 
    0.0042000000     0.0245000000 
    0.0042000000     0.0245000000 
    0.0094000000     0.0245000000 
    0.0042000000     0.0296000000 
    0.0042000000     0.0245000000 
    0.0042000000     0.0296000000 
    0.0094000000     0.0245000000 
    0.0094000000     0.0296000000 
    0.0042000000     0.0296000000 
    0.0042000000     0.0296000000 
    0.0094000000     0.0296000000 
    0.0042000000     0.0347000000 
    0.0042000000     0.0296000000 
    0.0042000000     0.0347000000 
    0.0094000000     0.0296000000 
    0.0094000000     0.0347000000 
    0.0042000000     0.0347000000 
    0.0042000000     0.0347000000 
    0.0094000000     0.0347000000 
    0.0042000000     0.0398000000 
    0.0042000000     0.0347000000 
    0.0042000000     0.0398000000 
    0.0094000000     0.0347000000 
    0.0094000000     0.0398000000 
    0.0042000000     0.0398000000 
    0.0042000000     0.0398000000 
    0.0094000000     0.0398000000 
    0.0042000000     0.0449000000 
    0.0042000000     0.0398000000 
    0.0042000000     0.0449000000 
    0.0094000000     0.0398000000 
    0.0094000000     0.0449000000 
    0.0042000000     0.0449000000 
    0.0042000000     0.0449000000 
    0.0094000000     0.0449000000 
    0.0042000000     0.0500000000 
    0.0042000000     0.0449000000 
    0.0042000000     0.0500000000 
    0.0094000000     0.0449000000 
    0.0094000000     0.0500000000 
    0.0042000000     0.0500000000 
    0.0042000000     0.0500000000 
    0.0094000000     0.0500000000 
    0.0042000000     0.0551000000 
    0.0042000000     0.0500000000 
    0.0042000000     0.0551000000 
    0.0094000000     0.0500000000 
    0.0094000000     0.0551000000 
    0.0042000000     0.0551000000 
    0.0042000000     0.0551000000 
    0.0094000000     0.0551000000 
    0.0042000000     0.0602000000 
    0.0042000000     0.0551000000 
    0.0042000000     0.0602000000 
    0.0094000000     0.0551000000 
    0.0094000000     0.0602000000 
    0.0042000000     0.0602000000 
    0.0042000000     0.0602000000 
    0.0094000000     0.0602000000 
    0.0042000000     0.0653000000 
    0.0042000000     0.0602000000 
    0.0042000000     0.0653000000 
    0.0094000000     0.0602000000 
    0.0094000000     0.0653000000 
    0.0042000000     0.0653000000 
    0.0042000000     0.0653000000 
    0.0094000000     0.0653000000 
    0.0042000000     0.0704000000 
    0.0042000000     0.0653000000 
    0.0042000000     0.0704000000 
    0.0094000000     0.0653000000 
    0.0094000000     0.0704000000 
    0.0042000000     0.0704000000 
    0.0042000000     0.0704000000 
    0.0094000000     0.0704000000 
    0.0042000000     0.0755000000 
    0.0042000000     0.0704000000 
    0.0042000000     0.0755000000 
    0.0094000000     0.0704000000 
    0.0094000000     0.0755000000 
    0.0042000000     0.0755000000 
    0.0042000000     0.0755000000 
    0.0094000000     0.0755000000 
    0.0042000000     0.0806000000 
    0.0042000000     0.0755000000 
    0.0042000000     0.0806000000 
    0.0094000000     0.0755000000 
    0.0094000000     0.0806000000 
    0.0042000000     0.0806000000 
    0.0042000000     0.0806000000 
    0.0094000000     0.0806000000 
    0.0042000000     0.0857000000 
    0.0042000000     0.0806000000 
    0.0042000000     0.0857000000 
    0.0094000000     0.0806000000 
    0.0094000000     0.0857000000 
    0.0042000000     0.0857000000 
    0.0042000000     0.0857000000 
    0.0094000000     0.0857000000 
    0.0042000000     0.0908000000 
    0.0042000000     0.0857000000 
    0.0042000000     0.0908000000 
    0.0094000000     0.0857000000 
    0.0094000000     0.0908000000 
    0.0042000000     0.0908000000 
    0.0042000000     0.0908000000 
    0.0094000000     0.0908000000 
    0.0042000000     0.0959000000 
    0.0042000000     0.0908000000 
    0.0042000000     0.0959000000 
    0.0094000000     0.0908000000 
    0.0094000000     0.0959000000 
    0.0042000000     0.0959000000 
    0.0094000000     0.0041000000 
    0.0146000000     0.0041000000 
    0.0094000000     0.0092000000 
    0.0094000000     0.0041000000 
    0.0094000000     0.0092000000 
    0.0146000000     0.0041000000 
    0.0146000000     0.0092000000 
    0.0094000000     0.0092000000 
    0.0094000000     0.0092000000 
    0.0146000000     0.0092000000 
    0.0094000000     0.0143000000 
    0.0094000000     0.0092000000 
    0.0094000000     0.0143000000 
    0.0146000000     0.0092000000 
    0.0146000000     0.0143000000 
    0.0094000000     0.0143000000 
    0.0094000000     0.0143000000 
    0.0146000000     0.0143000000 
    0.0094000000     0.0194000000 
    0.0094000000     0.0143000000 
    0.0094000000     0.0194000000 
    0.0146000000     0.0143000000 
    0.0146000000     0.0194000000 
    0.0094000000     0.0194000000 
    0.0094000000     0.0194000000 
    0.0146000000     0.0194000000 
    0.0094000000     0.0245000000 
    0.0094000000     0.0194000000 
    0.0094000000     0.0245000000 
    0.0146000000     0.0194000000 
    0.0146000000     0.0245000000 
    0.0094000000     0.0245000000 
    0.0094000000     0.0245000000 
    0.0146000000     0.0245000000 
    0.0094000000     0.0296000000 
    0.0094000000     0.0245000000 
    0.0094000000     0.0296000000 
    0.0146000000     0.0245000000 
    0.0146000000     0.0296000000 
    0.0094000000     0.0296000000 
    0.0094000000     0.0296000000 
    0.0146000000     0.0296000000 
    0.0094000000     0.0347000000 
    0.0094000000     0.0296000000 
    0.0094000000     0.0347000000 
    0.0146000000     0.0296000000 
    0.0146000000     0.0347000000 
    0.0094000000     0.0347000000 
    0.0094000000     0.0347000000 
    0.0146000000     0.0347000000 
    0.0094000000     0.0398000000 
    0.0094000000     0.0347000000 
    0.0094000000     0.0398000000 
    0.0146000000     0.0347000000 
    0.0146000000     0.0398000000 
    0.0094000000     0.0398000000 
    0.0094000000     0.0398000000 
    0.0146000000     0.0398000000 
    0.0094000000     0.0449000000 
    0.0094000000     0.0398000000 
    0.0094000000     0.0449000000 
    0.0146000000     0.0398000000 
    0.0146000000     0.0449000000 
    0.0094000000     0.0449000000 
    0.0094000000     0.0449000000 
    0.0146000000     0.0449000000 
    0.0094000000     0.0500000000 
    0.0094000000     0.0449000000 
    0.0094000000     0.0500000000 
    0.0146000000     0.0449000000 
    0.0146000000     0.0500000000 
    0.0094000000     0.0500000000 
    0.0094000000     0.0500000000 
    0.0146000000     0.0500000000 
    0.0094000000     0.0551000000 
    0.0094000000     0.0500000000 
    0.0094000000     0.0551000000 
    0.0146000000     0.0500000000 
    0.0146000000     0.0551000000 
    0.0094000000     0.0551000000 
    0.0094000000     0.0551000000 
    0.0146000000     0.0551000000 
    0.0094000000     0.0602000000 
    0.0094000000     0.0551000000 
    0.0094000000     0.0602000000 
    0.0146000000     0.0551000000 
    0.0146000000     0.0602000000 
    0.0094000000     0.0602000000 
    0.0094000000     0.0602000000 
    0.0146000000     0.0602000000 
    0.0094000000     0.0653000000 
    0.0094000000     0.0602000000 
    0.0094000000     0.0653000000 
    0.0146000000     0.0602000000 
    0.0146000000     0.0653000000 
    0.0094000000     0.0653000000 
    0.0094000000     0.0653000000 
    0.0146000000     0.0653000000 
    0.0094000000     0.0704000000 
    0.0094000000     0.0653000000 
    0.0094000000     0.0704000000 
    0.0146000000     0.0653000000 
    0.0146000000     0.0704000000 
    0.0094000000     0.0704000000 
    0.0094000000     0.0704000000 
    0.0146000000     0.0704000000 
    0.0094000000     0.0755000000 
    0.0094000000     0.0704000000 
    0.0094000000     0.0755000000 
    0.0146000000     0.0704000000 
    0.0146000000     0.0755000000 
    0.0094000000     0.0755000000 
    0.0094000000     0.0755000000 
    0.0146000000     0.0755000000 
    0.0094000000     0.0806000000 
    0.0094000000     0.0755000000 
    0.0094000000     0.0806000000 
    0.0146000000     0.0755000000 
    0.0146000000     0.0806000000 
    0.0094000000     0.0806000000 
    0.0094000000     0.0806000000 
    0.0146000000     0.0806000000 
    0.0094000000     0.0857000000 
    0.0094000000     0.0806000000 
    0.0094000000     0.0857000000 
    0.0146000000     0.0806000000 
    0.0146000000     0.0857000000 
    0.0094000000     0.0857000000 
    0.0094000000     0.0857000000 
    0.0146000000     0.0857000000 
    0.0094000000     0.0908000000 
    0.0094000000     0.0857000000 
    0.0094000000     0.0908000000 
    0.0146000000     0.0857000000 
    0.0146000000     0.0908000000 
    0.0094000000     0.0908000000 
    0.0094000000     0.0908000000 
    0.0146000000     0.0908000000 
    0.0094000000     0.0959000000 
    0.0094000000     0.0908000000 
    0.0094000000     0.0959000000 
    0.0146000000     0.0908000000 
    0.0146000000     0.0959000000 
    0.0094000000     0.0959000000 
    0.0146000000     0.0041000000 
    0.0198000000     0.0041000000 
    0.0146000000     0.0092000000 
    0.0146000000     0.0041000000 
    0.0146000000     0.0092000000 
    0.0198000000     0.0041000000 
    0.0198000000     0.0092000000 
    0.0146000000     0.0092000000 
    0.0146000000     0.0092000000 
    0.0198000000     0.0092000000 
    0.0146000000     0.0143000000 
    0.0146000000     0.0092000000 
    0.0146000000     0.0143000000 
    0.0198000000     0.0092000000 
    0.0198000000     0.0143000000 
    0.0146000000     0.0143000000 
    0.0146000000     0.0143000000 
    0.0198000000     0.0143000000 
    0.0146000000     0.0194000000 
    0.0146000000     0.0143000000 
    0.0146000000     0.0194000000 
    0.0198000000     0.0143000000 
    0.0198000000     0.0194000000 
    0.0146000000     0.0194000000 
    0.0146000000     0.0194000000 
    0.0198000000     0.0194000000 
    0.0146000000     0.0245000000 
    0.0146000000     0.0194000000 
    0.0146000000     0.0245000000 
    0.0198000000     0.0194000000 
    0.0198000000     0.0245000000 
    0.0146000000     0.0245000000 
    0.0146000000     0.0245000000 
    0.0198000000     0.0245000000 
    0.0146000000     0.0296000000 
    0.0146000000     0.0245000000 
    0.0146000000     0.0296000000 
    0.0198000000     0.0245000000 
    0.0198000000     0.0296000000 
    0.0146000000     0.0296000000 
    0.0146000000     0.0296000000 
    0.0198000000     0.0296000000 
    0.0146000000     0.0347000000 
    0.0146000000     0.0296000000 
    0.0146000000     0.0347000000 
    0.0198000000     0.0296000000 
    0.0198000000     0.0347000000 
    0.0146000000     0.0347000000 
    0.0146000000     0.0347000000 
    0.0198000000     0.0347000000 
    0.0146000000     0.0398000000 
    0.0146000000     0.0347000000 
    0.0146000000     0.0398000000 
    0.0198000000     0.0347000000 
    0.0198000000     0.0398000000 
    0.0146000000     0.0398000000 
    0.0146000000     0.0398000000 
    0.0198000000     0.0398000000 
    0.0146000000     0.0449000000 
    0.0146000000     0.0398000000 
    0.0146000000     0.0449000000 
    0.0198000000     0.0398000000 
    0.0198000000     0.0449000000 
    0.0146000000     0.0449000000 
    0.0146000000     0.0449000000 
    0.0198000000     0.0449000000 
    0.0146000000     0.0500000000 
    0.0146000000     0.0449000000 
    0.0146000000     0.0500000000 
    0.0198000000     0.0449000000 
    0.0198000000     0.0500000000 
    0.0146000000     0.0500000000 
    0.0146000000     0.0500000000 
    0.0198000000     0.0500000000 
    0.0146000000     0.0551000000 
    0.0146000000     0.0500000000 
    0.0146000000     0.0551000000 
    0.0198000000     0.0500000000 
    0.0198000000     0.0551000000 
    0.0146000000     0.0551000000 
    0.0146000000     0.0551000000 
    0.0198000000     0.0551000000 
    0.0146000000     0.0602000000 
    0.0146000000     0.0551000000 
    0.0146000000     0.0602000000 
    0.0198000000     0.0551000000 
    0.0198000000     0.0602000000 
    0.0146000000     0.0602000000 
    0.0146000000     0.0602000000 
    0.0198000000     0.0602000000 
    0.0146000000     0.0653000000 
    0.0146000000     0.0602000000 
    0.0146000000     0.0653000000 
    0.0198000000     0.0602000000 
    0.0198000000     0.0653000000 
    0.0146000000     0.0653000000 
    0.0146000000     0.0653000000 
    0.0198000000     0.0653000000 
    0.0146000000     0.0704000000 
    0.0146000000     0.0653000000 
    0.0146000000     0.0704000000 
    0.0198000000     0.0653000000 
    0.0198000000     0.0704000000 
    0.0146000000     0.0704000000 
    0.0146000000     0.0704000000 
    0.0198000000     0.0704000000 
    0.0146000000     0.0755000000 
    0.0146000000     0.0704000000 
    0.0146000000     0.0755000000 
    0.0198000000     0.0704000000 
    0.0198000000     0.0755000000 
    0.0146000000     0.0755000000 
    0.0146000000     0.0755000000 
    0.0198000000     0.0755000000 
    0.0146000000     0.0806000000 
    0.0146000000     0.0755000000 
    0.0146000000     0.0806000000 
    0.0198000000     0.0755000000 
    0.0198000000     0.0806000000 
    0.0146000000     0.0806000000 
    0.0146000000     0.0806000000 
    0.0198000000     0.0806000000 
    0.0146000000     0.0857000000 
    0.0146000000     0.0806000000 
    0.0146000000     0.0857000000 
    0.0198000000     0.0806000000 
    0.0198000000     0.0857000000 
    0.0146000000     0.0857000000 
    0.0146000000     0.0857000000 
    0.0198000000     0.0857000000 
    0.0146000000     0.0908000000 
    0.0146000000     0.0857000000 
    0.0146000000     0.0908000000 
    0.0198000000     0.0857000000 
    0.0198000000     0.0908000000 
    0.0146000000     0.0908000000 
    0.0146000000     0.0908000000 
    0.0198000000     0.0908000000 
    0.0146000000     0.0959000000 
    0.0146000000     0.0908000000 
    0.0146000000     0.0959000000 
    0.0198000000     0.0908000000 
    0.0198000000     0.0959000000 
    0.0146000000     0.0959000000 
    0.0198000000     0.0041000000 
    0.0250000000     0.0041000000 
    0.0198000000     0.0092000000 
    0.0198000000     0.0041000000 
    0.0198000000     0.0092000000 
    0.0250000000     0.0041000000 
    0.0250000000     0.0092000000 
    0.0198000000     0.0092000000 
    0.0198000000     0.0092000000 
    0.0250000000     0.0092000000 
    0.0198000000     0.0143000000 
    0.0198000000     0.0092000000 
    0.0198000000     0.0143000000 
    0.0250000000     0.0092000000 
    0.0250000000     0.0143000000 
    0.0198000000     0.0143000000 
    0.0198000000     0.0143000000 
    0.0250000000     0.0143000000 
    0.0198000000     0.0194000000 
    0.0198000000     0.0143000000 
    0.0198000000     0.0194000000 
    0.0250000000     0.0143000000 
    0.0250000000     0.0194000000 
    0.0198000000     0.0194000000 
    0.0198000000     0.0194000000 
    0.0250000000     0.0194000000 
    0.0198000000     0.0245000000 
    0.0198000000     0.0194000000 
    0.0198000000     0.0245000000 
    0.0250000000     0.0194000000 
    0.0250000000     0.0245000000 
    0.0198000000     0.0245000000 
    0.0198000000     0.0245000000 
    0.0250000000     0.0245000000 
    0.0198000000     0.0296000000 
    0.0198000000     0.0245000000 
    0.0198000000     0.0296000000 
    0.0250000000     0.0245000000 
    0.0250000000     0.0296000000 
    0.0198000000     0.0296000000 
    0.0198000000     0.0296000000 
    0.0250000000     0.0296000000 
    0.0198000000     0.0347000000 
    0.0198000000     0.0296000000 
    0.0198000000     0.0347000000 
    0.0250000000     0.0296000000 
    0.0250000000     0.0347000000 
    0.0198000000     0.0347000000 
    0.0198000000     0.0347000000 
    0.0250000000     0.0347000000 
    0.0198000000     0.0398000000 
    0.0198000000     0.0347000000 
    0.0198000000     0.0398000000 
    0.0250000000     0.0347000000 
    0.0250000000     0.0398000000 
    0.0198000000     0.0398000000 
    0.0198000000     0.0398000000 
    0.0250000000     0.0398000000 
    0.0198000000     0.0449000000 
    0.0198000000     0.0398000000 
    0.0198000000     0.0449000000 
    0.0250000000     0.0398000000 
    0.0250000000     0.0449000000 
    0.0198000000     0.0449000000 
    0.0198000000     0.0449000000 
    0.0250000000     0.0449000000 
    0.0198000000     0.0500000000 
    0.0198000000     0.0449000000 
    0.0198000000     0.0500000000 
    0.0250000000     0.0449000000 
    0.0250000000     0.0500000000 
    0.0198000000     0.0500000000 
    0.0198000000     0.0500000000 
    0.0250000000     0.0500000000 
    0.0198000000     0.0551000000 
    0.0198000000     0.0500000000 
    0.0198000000     0.0551000000 
    0.0250000000     0.0500000000 
    0.0250000000     0.0551000000 
    0.0198000000     0.0551000000 
    0.0198000000     0.0551000000 
    0.0250000000     0.0551000000 
    0.0198000000     0.0602000000 
    0.0198000000     0.0551000000 
    0.0198000000     0.0602000000 
    0.0250000000     0.0551000000 
    0.0250000000     0.0602000000 
    0.0198000000     0.0602000000 
    0.0198000000     0.0602000000 
    0.0250000000     0.0602000000 
    0.0198000000     0.0653000000 
    0.0198000000     0.0602000000 
    0.0198000000     0.0653000000 
    0.0250000000     0.0602000000 
    0.0250000000     0.0653000000 
    0.0198000000     0.0653000000 
    0.0198000000     0.0653000000 
    0.0250000000     0.0653000000 
    0.0198000000     0.0704000000 
    0.0198000000     0.0653000000 
    0.0198000000     0.0704000000 
    0.0250000000     0.0653000000 
    0.0250000000     0.0704000000 
    0.0198000000     0.0704000000 
    0.0198000000     0.0704000000 
    0.0250000000     0.0704000000 
    0.0198000000     0.0755000000 
    0.0198000000     0.0704000000 
    0.0198000000     0.0755000000 
    0.0250000000     0.0704000000 
    0.0250000000     0.0755000000 
    0.0198000000     0.0755000000 
    0.0198000000     0.0755000000 
    0.0250000000     0.0755000000 
    0.0198000000     0.0806000000 
    0.0198000000     0.0755000000 
    0.0198000000     0.0806000000 
    0.0250000000     0.0755000000 
    0.0250000000     0.0806000000 
    0.0198000000     0.0806000000 
    0.0198000000     0.0806000000 
    0.0250000000     0.0806000000 
    0.0198000000     0.0857000000 
    0.0198000000     0.0806000000 
    0.0198000000     0.0857000000 
    0.0250000000     0.0806000000 
    0.0250000000     0.0857000000 
    0.0198000000     0.0857000000 
    0.0198000000     0.0857000000 
    0.0250000000     0.0857000000 
    0.0198000000     0.0908000000 
    0.0198000000     0.0857000000 
    0.0198000000     0.0908000000 
    0.0250000000     0.0857000000 
    0.0250000000     0.0908000000 
    0.0198000000     0.0908000000 
    0.0198000000     0.0908000000 
    0.0250000000     0.0908000000 
    0.0198000000     0.0959000000 
    0.0198000000     0.0908000000 
    0.0198000000     0.0959000000 
    0.0250000000     0.0908000000 
    0.0250000000     0.0959000000 
    0.0198000000     0.0959000000 
    0.0250000000     0.0041000000 
    0.0302000000     0.0041000000 
    0.0250000000     0.0092000000 
    0.0250000000     0.0041000000 
    0.0250000000     0.0092000000 
    0.0302000000     0.0041000000 
    0.0302000000     0.0092000000 
    0.0250000000     0.0092000000 
    0.0250000000     0.0092000000 
    0.0302000000     0.0092000000 
    0.0250000000     0.0143000000 
    0.0250000000     0.0092000000 
    0.0250000000     0.0143000000 
    0.0302000000     0.0092000000 
    0.0302000000     0.0143000000 
    0.0250000000     0.0143000000 
    0.0250000000     0.0143000000 
    0.0302000000     0.0143000000 
    0.0250000000     0.0194000000 
    0.0250000000     0.0143000000 
    0.0250000000     0.0194000000 
    0.0302000000     0.0143000000 
    0.0302000000     0.0194000000 
    0.0250000000     0.0194000000 
    0.0250000000     0.0194000000 
    0.0302000000     0.0194000000 
    0.0250000000     0.0245000000 
    0.0250000000     0.0194000000 
    0.0250000000     0.0245000000 
    0.0302000000     0.0194000000 
    0.0302000000     0.0245000000 
    0.0250000000     0.0245000000 
    0.0250000000     0.0245000000 
    0.0302000000     0.0245000000 
    0.0250000000     0.0296000000 
    0.0250000000     0.0245000000 
    0.0250000000     0.0296000000 
    0.0302000000     0.0245000000 
    0.0302000000     0.0296000000 
    0.0250000000     0.0296000000 
    0.0250000000     0.0296000000 
    0.0302000000     0.0296000000 
    0.0250000000     0.0347000000 
    0.0250000000     0.0296000000 
    0.0250000000     0.0347000000 
    0.0302000000     0.0296000000 
    0.0302000000     0.0347000000 
    0.0250000000     0.0347000000 
    0.0250000000     0.0347000000 
    0.0302000000     0.0347000000 
    0.0250000000     0.0398000000 
    0.0250000000     0.0347000000 
    0.0250000000     0.0398000000 
    0.0302000000     0.0347000000 
    0.0302000000     0.0398000000 
    0.0250000000     0.0398000000 
    0.0250000000     0.0398000000 
    0.0302000000     0.0398000000 
    0.0250000000     0.0449000000 
    0.0250000000     0.0398000000 
    0.0250000000     0.0449000000 
    0.0302000000     0.0398000000 
    0.0302000000     0.0449000000 
    0.0250000000     0.0449000000 
    0.0250000000     0.0449000000 
    0.0302000000     0.0449000000 
    0.0250000000     0.0500000000 
    0.0250000000     0.0449000000 
    0.0250000000     0.0500000000 
    0.0302000000     0.0449000000 
    0.0302000000     0.0500000000 
    0.0250000000     0.0500000000 
    0.0250000000     0.0500000000 
    0.0302000000     0.0500000000 
    0.0250000000     0.0551000000 
    0.0250000000     0.0500000000 
    0.0250000000     0.0551000000 
    0.0302000000     0.0500000000 
    0.0302000000     0.0551000000 
    0.0250000000     0.0551000000 
    0.0250000000     0.0551000000 
    0.0302000000     0.0551000000 
    0.0250000000     0.0602000000 
    0.0250000000     0.0551000000 
    0.0250000000     0.0602000000 
    0.0302000000     0.0551000000 
    0.0302000000     0.0602000000 
    0.0250000000     0.0602000000 
    0.0250000000     0.0602000000 
    0.0302000000     0.0602000000 
    0.0250000000     0.0653000000 
    0.0250000000     0.0602000000 
    0.0250000000     0.0653000000 
    0.0302000000     0.0602000000 
    0.0302000000     0.0653000000 
    0.0250000000     0.0653000000 
    0.0250000000     0.0653000000 
    0.0302000000     0.0653000000 
    0.0250000000     0.0704000000 
    0.0250000000     0.0653000000 
    0.0250000000     0.0704000000 
    0.0302000000     0.0653000000 
    0.0302000000     0.0704000000 
    0.0250000000     0.0704000000 
    0.0250000000     0.0704000000 
    0.0302000000     0.0704000000 
    0.0250000000     0.0755000000 
    0.0250000000     0.0704000000 
    0.0250000000     0.0755000000 
    0.0302000000     0.0704000000 
    0.0302000000     0.0755000000 
    0.0250000000     0.0755000000 
    0.0250000000     0.0755000000 
    0.0302000000     0.0755000000 
    0.0250000000     0.0806000000 
    0.0250000000     0.0755000000 
    0.0250000000     0.0806000000 
    0.0302000000     0.0755000000 
    0.0302000000     0.0806000000 
    0.0250000000     0.0806000000 
    0.0250000000     0.0806000000 
    0.0302000000     0.0806000000 
    0.0250000000     0.0857000000 
    0.0250000000     0.0806000000 
    0.0250000000     0.0857000000 
    0.0302000000     0.0806000000 
    0.0302000000     0.0857000000 
    0.0250000000     0.0857000000 
    0.0250000000     0.0857000000 
    0.0302000000     0.0857000000 
    0.0250000000     0.0908000000 
    0.0250000000     0.0857000000 
    0.0250000000     0.0908000000 
    0.0302000000     0.0857000000 
    0.0302000000     0.0908000000 
    0.0250000000     0.0908000000 
    0.0250000000     0.0908000000 
    0.0302000000     0.0908000000 
    0.0250000000     0.0959000000 
    0.0250000000     0.0908000000 
    0.0250000000     0.0959000000 
    0.0302000000     0.0908000000 
    0.0302000000     0.0959000000 
    0.0250000000     0.0959000000 
    0.0302000000     0.0041000000 
    0.0354000000     0.0041000000 
    0.0302000000     0.0092000000 
    0.0302000000     0.0041000000 
    0.0302000000     0.0092000000 
    0.0354000000     0.0041000000 
    0.0354000000     0.0092000000 
    0.0302000000     0.0092000000 
    0.0302000000     0.0092000000 
    0.0354000000     0.0092000000 
    0.0302000000     0.0143000000 
    0.0302000000     0.0092000000 
    0.0302000000     0.0143000000 
    0.0354000000     0.0092000000 
    0.0354000000     0.0143000000 
    0.0302000000     0.0143000000 
    0.0302000000     0.0143000000 
    0.0354000000     0.0143000000 
    0.0302000000     0.0194000000 
    0.0302000000     0.0143000000 
    0.0302000000     0.0194000000 
    0.0354000000     0.0143000000 
    0.0354000000     0.0194000000 
    0.0302000000     0.0194000000 
    0.0302000000     0.0194000000 
    0.0354000000     0.0194000000 
    0.0302000000     0.0245000000 
    0.0302000000     0.0194000000 
    0.0302000000     0.0245000000 
    0.0354000000     0.0194000000 
    0.0354000000     0.0245000000 
    0.0302000000     0.0245000000 
    0.0302000000     0.0245000000 
    0.0354000000     0.0245000000 
    0.0302000000     0.0296000000 
    0.0302000000     0.0245000000 
    0.0302000000     0.0296000000 
    0.0354000000     0.0245000000 
    0.0354000000     0.0296000000 
    0.0302000000     0.0296000000 
    0.0302000000     0.0296000000 
    0.0354000000     0.0296000000 
    0.0302000000     0.0347000000 
    0.0302000000     0.0296000000 
    0.0302000000     0.0347000000 
    0.0354000000     0.0296000000 
    0.0354000000     0.0347000000 
    0.0302000000     0.0347000000 
    0.0302000000     0.0347000000 
    0.0354000000     0.0347000000 
    0.0302000000     0.0398000000 
    0.0302000000     0.0347000000 
    0.0302000000     0.0398000000 
    0.0354000000     0.0347000000 
    0.0354000000     0.0398000000 
    0.0302000000     0.0398000000 
    0.0302000000     0.0398000000 
    0.0354000000     0.0398000000 
    0.0302000000     0.0449000000 
    0.0302000000     0.0398000000 
    0.0302000000     0.0449000000 
    0.0354000000     0.0398000000 
    0.0354000000     0.0449000000 
    0.0302000000     0.0449000000 
    0.0302000000     0.0449000000 
    0.0354000000     0.0449000000 
    0.0302000000     0.0500000000 
    0.0302000000     0.0449000000 
    0.0302000000     0.0500000000 
    0.0354000000     0.0449000000 
    0.0354000000     0.0500000000 
    0.0302000000     0.0500000000 
    0.0302000000     0.0500000000 
    0.0354000000     0.0500000000 
    0.0302000000     0.0551000000 
    0.0302000000     0.0500000000 
    0.0302000000     0.0551000000 
    0.0354000000     0.0500000000 
    0.0354000000     0.0551000000 
    0.0302000000     0.0551000000 
    0.0302000000     0.0551000000 
    0.0354000000     0.0551000000 
    0.0302000000     0.0602000000 
    0.0302000000     0.0551000000 
    0.0302000000     0.0602000000 
    0.0354000000     0.0551000000 
    0.0354000000     0.0602000000 
    0.0302000000     0.0602000000 
    0.0302000000     0.0602000000 
    0.0354000000     0.0602000000 
    0.0302000000     0.0653000000 
    0.0302000000     0.0602000000 
    0.0302000000     0.0653000000 
    0.0354000000     0.0602000000 
    0.0354000000     0.0653000000 
    0.0302000000     0.0653000000 
    0.0302000000     0.0653000000 
    0.0354000000     0.0653000000 
    0.0302000000     0.0704000000 
    0.0302000000     0.0653000000 
    0.0302000000     0.0704000000 
    0.0354000000     0.0653000000 
    0.0354000000     0.0704000000 
    0.0302000000     0.0704000000 
    0.0302000000     0.0704000000 
    0.0354000000     0.0704000000 
    0.0302000000     0.0755000000 
    0.0302000000     0.0704000000 
    0.0302000000     0.0755000000 
    0.0354000000     0.0704000000 
    0.0354000000     0.0755000000 
    0.0302000000     0.0755000000 
    0.0302000000     0.0755000000 
    0.0354000000     0.0755000000 
    0.0302000000     0.0806000000 
    0.0302000000     0.0755000000 
    0.0302000000     0.0806000000 
    0.0354000000     0.0755000000 
    0.0354000000     0.0806000000 
    0.0302000000     0.0806000000 
    0.0302000000     0.0806000000 
    0.0354000000     0.0806000000 
    0.0302000000     0.0857000000 
    0.0302000000     0.0806000000 
    0.0302000000     0.0857000000 
    0.0354000000     0.0806000000 
    0.0354000000     0.0857000000 
    0.0302000000     0.0857000000 
    0.0302000000     0.0857000000 
    0.0354000000     0.0857000000 
    0.0302000000     0.0908000000 
    0.0302000000     0.0857000000 
    0.0302000000     0.0908000000 
    0.0354000000     0.0857000000 
    0.0354000000     0.0908000000 
    0.0302000000     0.0908000000 
    0.0302000000     0.0908000000 
    0.0354000000     0.0908000000 
    0.0302000000     0.0959000000 
    0.0302000000     0.0908000000 
    0.0302000000     0.0959000000 
    0.0354000000     0.0908000000 
    0.0354000000     0.0959000000 
    0.0302000000     0.0959000000 
    0.0354000000     0.0041000000 
    0.0406000000     0.0041000000 
    0.0354000000     0.0092000000 
    0.0354000000     0.0041000000 
    0.0354000000     0.0092000000 
    0.0406000000     0.0041000000 
    0.0406000000     0.0092000000 
    0.0354000000     0.0092000000 
    0.0354000000     0.0092000000 
    0.0406000000     0.0092000000 
    0.0354000000     0.0143000000 
    0.0354000000     0.0092000000 
    0.0354000000     0.0143000000 
    0.0406000000     0.0092000000 
    0.0406000000     0.0143000000 
    0.0354000000     0.0143000000 
    0.0354000000     0.0143000000 
    0.0406000000     0.0143000000 
    0.0354000000     0.0194000000 
    0.0354000000     0.0143000000 
    0.0354000000     0.0194000000 
    0.0406000000     0.0143000000 
    0.0406000000     0.0194000000 
    0.0354000000     0.0194000000 
    0.0354000000     0.0194000000 
    0.0406000000     0.0194000000 
    0.0354000000     0.0245000000 
    0.0354000000     0.0194000000 
    0.0354000000     0.0245000000 
    0.0406000000     0.0194000000 
    0.0406000000     0.0245000000 
    0.0354000000     0.0245000000 
    0.0354000000     0.0245000000 
    0.0406000000     0.0245000000 
    0.0354000000     0.0296000000 
    0.0354000000     0.0245000000 
    0.0354000000     0.0296000000 
    0.0406000000     0.0245000000 
    0.0406000000     0.0296000000 
    0.0354000000     0.0296000000 
    0.0354000000     0.0296000000 
    0.0406000000     0.0296000000 
    0.0354000000     0.0347000000 
    0.0354000000     0.0296000000 
    0.0354000000     0.0347000000 
    0.0406000000     0.0296000000 
    0.0406000000     0.0347000000 
    0.0354000000     0.0347000000 
    0.0354000000     0.0347000000 
    0.0406000000     0.0347000000 
    0.0354000000     0.0398000000 
    0.0354000000     0.0347000000 
    0.0354000000     0.0398000000 
    0.0406000000     0.0347000000 
    0.0406000000     0.0398000000 
    0.0354000000     0.0398000000 
    0.0354000000     0.0398000000 
    0.0406000000     0.0398000000 
    0.0354000000     0.0449000000 
    0.0354000000     0.0398000000 
    0.0354000000     0.0449000000 
    0.0406000000     0.0398000000 
    0.0406000000     0.0449000000 
    0.0354000000     0.0449000000 
    0.0354000000     0.0449000000 
    0.0406000000     0.0449000000 
    0.0354000000     0.0500000000 
    0.0354000000     0.0449000000 
    0.0354000000     0.0500000000 
    0.0406000000     0.0449000000 
    0.0406000000     0.0500000000 
    0.0354000000     0.0500000000 
    0.0354000000     0.0500000000 
    0.0406000000     0.0500000000 
    0.0354000000     0.0551000000 
    0.0354000000     0.0500000000 
    0.0354000000     0.0551000000 
    0.0406000000     0.0500000000 
    0.0406000000     0.0551000000 
    0.0354000000     0.0551000000 
    0.0354000000     0.0551000000 
    0.0406000000     0.0551000000 
    0.0354000000     0.0602000000 
    0.0354000000     0.0551000000 
    0.0354000000     0.0602000000 
    0.0406000000     0.0551000000 
    0.0406000000     0.0602000000 
    0.0354000000     0.0602000000 
    0.0354000000     0.0602000000 
    0.0406000000     0.0602000000 
    0.0354000000     0.0653000000 
    0.0354000000     0.0602000000 
    0.0354000000     0.0653000000 
    0.0406000000     0.0602000000 
    0.0406000000     0.0653000000 
    0.0354000000     0.0653000000 
    0.0354000000     0.0653000000 
    0.0406000000     0.0653000000 
    0.0354000000     0.0704000000 
    0.0354000000     0.0653000000 
    0.0354000000     0.0704000000 
    0.0406000000     0.0653000000 
    0.0406000000     0.0704000000 
    0.0354000000     0.0704000000 
    0.0354000000     0.0704000000 
    0.0406000000     0.0704000000 
    0.0354000000     0.0755000000 
    0.0354000000     0.0704000000 
    0.0354000000     0.0755000000 
    0.0406000000     0.0704000000 
    0.0406000000     0.0755000000 
    0.0354000000     0.0755000000 
    0.0354000000     0.0755000000 
    0.0406000000     0.0755000000 
    0.0354000000     0.0806000000 
    0.0354000000     0.0755000000 
    0.0354000000     0.0806000000 
    0.0406000000     0.0755000000 
    0.0406000000     0.0806000000 
    0.0354000000     0.0806000000 
    0.0354000000     0.0806000000 
    0.0406000000     0.0806000000 
    0.0354000000     0.0857000000 
    0.0354000000     0.0806000000 
    0.0354000000     0.0857000000 
    0.0406000000     0.0806000000 
    0.0406000000     0.0857000000 
    0.0354000000     0.0857000000 
    0.0354000000     0.0857000000 
    0.0406000000     0.0857000000 
    0.0354000000     0.0908000000 
    0.0354000000     0.0857000000 
    0.0354000000     0.0908000000 
    0.0406000000     0.0857000000 
    0.0406000000     0.0908000000 
    0.0354000000     0.0908000000 
    0.0354000000     0.0908000000 
    0.0406000000     0.0908000000 
    0.0354000000     0.0959000000 
    0.0354000000     0.0908000000 
    0.0354000000     0.0959000000 
    0.0406000000     0.0908000000 
    0.0406000000     0.0959000000 
    0.0354000000     0.0959000000 
    0.0406000000     0.0041000000 
    0.0458000000     0.0041000000 
    0.0406000000     0.0092000000 
    0.0406000000     0.0041000000 
    0.0406000000     0.0092000000 
    0.0458000000     0.0041000000 
    0.0458000000     0.0092000000 
    0.0406000000     0.0092000000 
    0.0406000000     0.0092000000 
    0.0458000000     0.0092000000 
    0.0406000000     0.0143000000 
    0.0406000000     0.0092000000 
    0.0406000000     0.0143000000 
    0.0458000000     0.0092000000 
    0.0458000000     0.0143000000 
    0.0406000000     0.0143000000 
    0.0406000000     0.0143000000 
    0.0458000000     0.0143000000 
    0.0406000000     0.0194000000 
    0.0406000000     0.0143000000 
    0.0406000000     0.0194000000 
    0.0458000000     0.0143000000 
    0.0458000000     0.0194000000 
    0.0406000000     0.0194000000 
    0.0406000000     0.0194000000 
    0.0458000000     0.0194000000 
    0.0406000000     0.0245000000 
    0.0406000000     0.0194000000 
    0.0406000000     0.0245000000 
    0.0458000000     0.0194000000 
    0.0458000000     0.0245000000 
    0.0406000000     0.0245000000 
    0.0406000000     0.0245000000 
    0.0458000000     0.0245000000 
    0.0406000000     0.0296000000 
    0.0406000000     0.0245000000 
    0.0406000000     0.0296000000 
    0.0458000000     0.0245000000 
    0.0458000000     0.0296000000 
    0.0406000000     0.0296000000 
    0.0406000000     0.0296000000 
    0.0458000000     0.0296000000 
    0.0406000000     0.0347000000 
    0.0406000000     0.0296000000 
    0.0406000000     0.0347000000 
    0.0458000000     0.0296000000 
    0.0458000000     0.0347000000 
    0.0406000000     0.0347000000 
    0.0406000000     0.0347000000 
    0.0458000000     0.0347000000 
    0.0406000000     0.0398000000 
    0.0406000000     0.0347000000 
    0.0406000000     0.0398000000 
    0.0458000000     0.0347000000 
    0.0458000000     0.0398000000 
    0.0406000000     0.0398000000 
    0.0406000000     0.0398000000 
    0.0458000000     0.0398000000 
    0.0406000000     0.0449000000 
    0.0406000000     0.0398000000 
    0.0406000000     0.0449000000 
    0.0458000000     0.0398000000 
    0.0458000000     0.0449000000 
    0.0406000000     0.0449000000 
    0.0406000000     0.0449000000 
    0.0458000000     0.0449000000 
    0.0406000000     0.0500000000 
    0.0406000000     0.0449000000 
    0.0406000000     0.0500000000 
    0.0458000000     0.0449000000 
    0.0458000000     0.0500000000 
    0.0406000000     0.0500000000 
    0.0406000000     0.0500000000 
    0.0458000000     0.0500000000 
    0.0406000000     0.0551000000 
    0.0406000000     0.0500000000 
    0.0406000000     0.0551000000 
    0.0458000000     0.0500000000 
    0.0458000000     0.0551000000 
    0.0406000000     0.0551000000 
    0.0406000000     0.0551000000 
    0.0458000000     0.0551000000 
    0.0406000000     0.0602000000 
    0.0406000000     0.0551000000 
    0.0406000000     0.0602000000 
    0.0458000000     0.0551000000 
    0.0458000000     0.0602000000 
    0.0406000000     0.0602000000 
    0.0406000000     0.0602000000 
    0.0458000000     0.0602000000 
    0.0406000000     0.0653000000 
    0.0406000000     0.0602000000 
    0.0406000000     0.0653000000 
    0.0458000000     0.0602000000 
    0.0458000000     0.0653000000 
    0.0406000000     0.0653000000 
    0.0406000000     0.0653000000 
    0.0458000000     0.0653000000 
    0.0406000000     0.0704000000 
    0.0406000000     0.0653000000 
    0.0406000000     0.0704000000 
    0.0458000000     0.0653000000 
    0.0458000000     0.0704000000 
    0.0406000000     0.0704000000 
    0.0406000000     0.0704000000 
    0.0458000000     0.0704000000 
    0.0406000000     0.0755000000 
    0.0406000000     0.0704000000 
    0.0406000000     0.0755000000 
    0.0458000000     0.0704000000 
    0.0458000000     0.0755000000 
    0.0406000000     0.0755000000 
    0.0406000000     0.0755000000 
    0.0458000000     0.0755000000 
    0.0406000000     0.0806000000 
    0.0406000000     0.0755000000 
    0.0406000000     0.0806000000 
    0.0458000000     0.0755000000 
    0.0458000000     0.0806000000 
    0.0406000000     0.0806000000 
    0.0406000000     0.0806000000 
    0.0458000000     0.0806000000 
    0.0406000000     0.0857000000 
    0.0406000000     0.0806000000 
    0.0406000000     0.0857000000 
    0.0458000000     0.0806000000 
    0.0458000000     0.0857000000 
    0.0406000000     0.0857000000 
    0.0406000000     0.0857000000 
    0.0458000000     0.0857000000 
    0.0406000000     0.0908000000 
    0.0406000000     0.0857000000 
    0.0406000000     0.0908000000 
    0.0458000000     0.0857000000 
    0.0458000000     0.0908000000 
    0.0406000000     0.0908000000 
    0.0406000000     0.0908000000 
    0.0458000000     0.0908000000 
    0.0406000000     0.0959000000 
    0.0406000000     0.0908000000 
    0.0406000000     0.0959000000 
    0.0458000000     0.0908000000 
    0.0458000000     0.0959000000 
    0.0406000000     0.0959000000 
   -0.0010000000    -0.0010000000 
   -0.0010000000     0.0041000000 
   -0.0010000000     0.0092000000 
   -0.0010000000     0.0143000000 
   -0.0010000000     0.0194000000 
   -0.0010000000     0.0245000000 
   -0.0010000000     0.0296000000 
   -0.0010000000     0.0347000000 
   -0.0010000000     0.0398000000 
   -0.0010000000     0.0449000000 
   -0.0010000000     0.0500000000 
   -0.0010000000     0.0551000000 
   -0.0010000000     0.0602000000 
   -0.0010000000     0.0653000000 
   -0.0010000000     0.0704000000 
   -0.0010000000     0.0755000000 
   -0.0010000000     0.0806000000 
   -0.0010000000     0.0857000000 
   -0.0010000000     0.0908000000 
   -0.0010000000     0.0959000000 
   -0.0010000000     0.1010000000 
    0.0042000000    -0.0010000000 
    0.0042000000     0.0041000000 
    0.0042000000     0.0092000000 
    0.0042000000     0.0143000000 
    0.0042000000     0.0194000000 
    0.0042000000     0.0245000000 
    0.0042000000     0.0296000000 
    0.0042000000     0.0347000000 
    0.0042000000     0.0398000000 
    0.0042000000     0.0449000000 
    0.0042000000     0.0500000000 
    0.0042000000     0.0551000000 
    0.0042000000     0.0602000000 
    0.0042000000     0.0653000000 
    0.0042000000     0.0704000000 
    0.0042000000     0.0755000000 
    0.0042000000     0.0806000000 
    0.0042000000     0.0857000000 
    0.0042000000     0.0908000000 
    0.0042000000     0.0959000000 
    0.0042000000     0.1010000000 
    0.0094000000    -0.0010000000 
    0.0094000000     0.0041000000 
    0.0094000000     0.0092000000 
    0.0094000000     0.0143000000 
    0.0094000000     0.0194000000 
    0.0094000000     0.0245000000 
    0.0094000000     0.0296000000 
    0.0094000000     0.0347000000 
    0.0094000000     0.0398000000 
    0.0094000000     0.0449000000 
    0.0094000000     0.0500000000 
    0.0094000000     0.0551000000 
    0.0094000000     0.0602000000 
    0.0094000000     0.0653000000 
    0.0094000000     0.0704000000 
    0.0094000000     0.0755000000 
    0.0094000000     0.0806000000 
    0.0094000000     0.0857000000 
    0.0094000000     0.0908000000 
    0.0094000000     0.0959000000 
    0.0094000000     0.1010000000 
    0.0146000000    -0.0010000000 
    0.0146000000     0.0041000000 
    0.0146000000     0.0092000000 
    0.0146000000     0.0143000000 
    0.0146000000     0.0194000000 
    0.0146000000     0.0245000000 
    0.0146000000     0.0296000000 
    0.0146000000     0.0347000000 
    0.0146000000     0.0398000000 
    0.0146000000     0.0449000000 
    0.0146000000     0.0500000000 
    0.0146000000     0.0551000000 
    0.0146000000     0.0602000000 
    0.0146000000     0.0653000000 
    0.0146000000     0.0704000000 
    0.0146000000     0.0755000000 
    0.0146000000     0.0806000000 
    0.0146000000     0.0857000000 
    0.0146000000     0.0908000000 
    0.0146000000     0.0959000000 
    0.0146000000     0.1010000000 
    0.0198000000    -0.0010000000 
    0.0198000000     0.0041000000 
    0.0198000000     0.0092000000 
    0.0198000000     0.0143000000 
    0.0198000000     0.0194000000 
    0.0198000000     0.0245000000 
    0.0198000000     0.0296000000 
    0.0198000000     0.0347000000 
    0.0198000000     0.0398000000 
    0.0198000000     0.0449000000 
    0.0198000000     0.0500000000 
    0.0198000000     0.0551000000 
    0.0198000000     0.0602000000 
    0.0198000000     0.0653000000 
    0.0198000000     0.0704000000 
    0.0198000000     0.0755000000 
    0.0198000000     0.0806000000 
    0.0198000000     0.0857000000 
    0.0198000000     0.0908000000 
    0.0198000000     0.0959000000 
    0.0198000000     0.1010000000 
    0.0250000000    -0.0010000000 
    0.0250000000     0.0041000000 
    0.0250000000     0.0092000000 
    0.0250000000     0.0143000000 
    0.0250000000     0.0194000000 
    0.0250000000     0.0245000000 
    0.0250000000     0.0296000000 
    0.0250000000     0.0347000000 
    0.0250000000     0.0398000000 
    0.0250000000     0.0449000000 
    0.0250000000     0.0500000000 
    0.0250000000     0.0551000000 
    0.0250000000     0.0602000000 
    0.0250000000     0.0653000000 
    0.0250000000     0.0704000000 
    0.0250000000     0.0755000000 
    0.0250000000     0.0806000000 
    0.0250000000     0.0857000000 
    0.0250000000     0.0908000000 
    0.0250000000     0.0959000000 
    0.0250000000     0.1010000000 
    0.0302000000    -0.0010000000 
    0.0302000000     0.0041000000 
    0.0302000000     0.0092000000 
    0.0302000000     0.0143000000 
    0.0302000000     0.0194000000 
    0.0302000000     0.0245000000 
    0.0302000000     0.0296000000 
    0.0302000000     0.0347000000 
    0.0302000000     0.0398000000 
    0.0302000000     0.0449000000 
    0.0302000000     0.0500000000 
    0.0302000000     0.0551000000 
    0.0302000000     0.0602000000 
    0.0302000000     0.0653000000 
    0.0302000000     0.0704000000 
    0.0302000000     0.0755000000 
    0.0302000000     0.0806000000 
    0.0302000000     0.0857000000 
    0.0302000000     0.0908000000 
    0.0302000000     0.0959000000 
    0.0302000000     0.1010000000 
    0.0354000000    -0.0010000000 
    0.0354000000     0.0041000000 
    0.0354000000     0.0092000000 
    0.0354000000     0.0143000000 
    0.0354000000     0.0194000000 
    0.0354000000     0.0245000000 
    0.0354000000     0.0296000000 
    0.0354000000     0.0347000000 
    0.0354000000     0.0398000000 
    0.0354000000     0.0449000000 
    0.0354000000     0.0500000000 
    0.0354000000     0.0551000000 
    0.0354000000     0.0602000000 
    0.0354000000     0.0653000000 
    0.0354000000     0.0704000000 
    0.0354000000     0.0755000000 
    0.0354000000     0.0806000000 
    0.0354000000     0.0857000000 
    0.0354000000     0.0908000000 
    0.0354000000     0.0959000000 
    0.0354000000     0.1010000000 
    0.0406000000    -0.0010000000 
    0.0406000000     0.0041000000 
    0.0406000000     0.0092000000 
    0.0406000000     0.0143000000 
    0.0406000000     0.0194000000 
    0.0406000000     0.0245000000 
    0.0406000000     0.0296000000 
    0.0406000000     0.0347000000 
    0.0406000000     0.0398000000 
    0.0406000000     0.0449000000 
    0.0406000000     0.0500000000 
    0.0406000000     0.0551000000 
    0.0406000000     0.0602000000 
    0.0406000000     0.0653000000 
    0.0406000000     0.0704000000 
    0.0406000000     0.0755000000 
    0.0406000000     0.0806000000 
    0.0406000000     0.0857000000 
    0.0406000000     0.0908000000 
    0.0406000000     0.0959000000 
    0.0406000000     0.1010000000 
    0.0458000000    -0.0010000000 
    0.0458000000     0.0041000000 
    0.0458000000     0.0092000000 
    0.0458000000     0.0143000000 
    0.0458000000     0.0194000000 
    0.0458000000     0.0245000000 
    0.0458000000     0.0296000000 
    0.0458000000     0.0347000000 
    0.0458000000     0.0398000000 
    0.0458000000     0.0449000000 
    0.0458000000     0.0500000000 
    0.0458000000     0.0551000000 
    0.0458000000     0.0602000000 
    0.0458000000     0.0653000000 
    0.0458000000     0.0704000000 
    0.0458000000     0.0755000000 
    0.0458000000     0.0806000000 
    0.0458000000     0.0857000000 
    0.0458000000     0.0908000000 
    0.0458000000     0.0959000000 
    0.0458000000     0.1010000000 
    0.0510000000    -0.0010000000 
    0.0510000000     0.0041000000 
    0.0510000000     0.0092000000 
    0.0510000000     0.0143000000 
    0.0510000000     0.0194000000 
    0.0510000000     0.0245000000 
    0.0510000000     0.0296000000 
    0.0510000000     0.0347000000 
    0.0510000000     0.0398000000 
    0.0510000000     0.0449000000 
    0.0510000000     0.0500000000 
    0.0510000000     0.0551000000 
    0.0510000000     0.0602000000 
    0.0510000000     0.0653000000 
    0.0510000000     0.0704000000 
    0.0510000000     0.0755000000 
    0.0510000000     0.0806000000 
    0.0510000000     0.0857000000 
    0.0510000000     0.0908000000 
    0.0510000000     0.0959000000 
    0.0510000000     0.1010000000 
1 22 2 
22 23 2 
2 23 3 
23 24 3 
3 24 4 
24 25 4 
4 25 5 
25 26 5 
5 26 6 
26 27 6 
6 27 7 
27 28 7 
7 28 8 
28 29 8 
8 29 9 
29 30 9 
9 30 10 
30 31 10 
10 31 11 
31 32 11 
11 32 12 
32 33 12 
12 33 13 
33 34 13 
13 34 14 
34 35 14 
14 35 15 
35 36 15 
15 36 16 
36 37 16 
16 37 17 
37 38 17 
17 38 18 
38 39 18 
18 39 19 
39 40 19 
19 40 20 
40 41 20 
20 41 21 
41 42 21 
22 43 23 
43 44 23 
23 44 24 
44 45 24 
24 45 25 
45 46 25 
25 46 26 
46 47 26 
26 47 27 
47 48 27 
27 48 28 
48 49 28 
28 49 29 
49 50 29 
29 50 30 
50 51 30 
30 51 31 
51 52 31 
31 52 32 
52 53 32 
32 53 33 
53 54 33 
33 54 34 
54 55 34 
34 55 35 
55 56 35 
35 56 36 
56 57 36 
36 57 37 
57 58 37 
37 58 38 
58 59 38 
38 59 39 
59 60 39 
39 60 40 
60 61 40 
40 61 41 
61 62 41 
41 62 42 
62 63 42 
43 64 44 
64 65 44 
44 65 45 
65 66 45 
45 66 46 
66 67 46 
46 67 47 
67 68 47 
47 68 48 
68 69 48 
48 69 49 
69 70 49 
49 70 50 
70 71 50 
50 71 51 
71 72 51 
51 72 52 
72 73 52 
52 73 53 
73 74 53 
53 74 54 
74 75 54 
54 75 55 
75 76 55 
55 76 56 
76 77 56 
56 77 57 
77 78 57 
57 78 58 
78 79 58 
58 79 59 
79 80 59 
59 80 60 
80 81 60 
60 81 61 
81 82 61 
61 82 62 
82 83 62 
62 83 63 
83 84 63 
64 85 65 
85 86 65 
65 86 66 
86 87 66 
66 87 67 
87 88 67 
67 88 68 
88 89 68 
68 89 69 
89 90 69 
69 90 70 
90 91 70 
70 91 71 
91 92 71 
71 92 72 
92 93 72 
72 93 73 
93 94 73 
73 94 74 
94 95 74 
74 95 75 
95 96 75 
75 96 76 
96 97 76 
76 97 77 
97 98 77 
77 98 78 
98 99 78 
78 99 79 
99 100 79 
79 100 80 
100 101 80 
80 101 81 
101 102 81 
81 102 82 
102 103 82 
82 103 83 
103 104 83 
83 104 84 
104 105 84 
85 106 86 
106 107 86 
86 107 87 
107 108 87 
87 108 88 
108 109 88 
88 109 89 
109 110 89 
89 110 90 
110 111 90 
90 111 91 
111 112 91 
91 112 92 
112 113 92 
92 113 93 
113 114 93 
93 114 94 
114 115 94 
94 115 95 
115 116 95 
95 116 96 
116 117 96 
96 117 97 
117 118 97 
97 118 98 
118 119 98 
98 119 99 
119 120 99 
99 120 100 
120 121 100 
100 121 101 
121 122 101 
101 122 102 
122 123 102 
102 123 103 
123 124 103 
103 124 104 
124 125 104 
104 125 105 
125 126 105 
106 127 107 
127 128 107 
107 128 108 
128 129 108 
108 129 109 
129 130 109 
109 130 110 
130 131 110 
110 131 111 
131 132 111 
111 132 112 
132 133 112 
112 133 113 
133 134 113 
113 134 114 
134 135 114 
114 135 115 
135 136 115 
115 136 116 
136 137 116 
116 137 117 
137 138 117 
117 138 118 
138 139 118 
118 139 119 
139 140 119 
119 140 120 
140 141 120 
120 141 121 
141 142 121 
121 142 122 
142 143 122 
122 143 123 
143 144 123 
123 144 124 
144 145 124 
124 145 125 
145 146 125 
125 146 126 
146 147 126 
127 148 128 
148 149 128 
128 149 129 
149 150 129 
129 150 130 
150 151 130 
130 151 131 
151 152 131 
131 152 132 
152 153 132 
132 153 133 
153 154 133 
133 154 134 
154 155 134 
134 155 135 
155 156 135 
135 156 136 
156 157 136 
136 157 137 
157 158 137 
137 158 138 
158 159 138 
138 159 139 
159 160 139 
139 160 140 
160 161 140 
140 161 141 
161 162 141 
141 162 142 
162 163 142 
142 163 143 
163 164 143 
143 164 144 
164 165 144 
144 165 145 
165 166 145 
145 166 146 
166 167 146 
146 167 147 
167 168 147 
148 169 149 
169 170 149 
149 170 150 
170 171 150 
150 171 151 
171 172 151 
151 172 152 
172 173 152 
152 173 153 
173 174 153 
153 174 154 
174 175 154 
154 175 155 
175 176 155 
155 176 156 
176 177 156 
156 177 157 
177 178 157 
157 178 158 
178 179 158 
158 179 159 
179 180 159 
159 180 160 
180 181 160 
160 181 161 
181 182 161 
161 182 162 
182 183 162 
162 183 163 
183 184 163 
163 184 164 
184 185 164 
164 185 165 
185 186 165 
165 186 166 
186 187 166 
166 187 167 
187 188 167 
167 188 168 
188 189 168 
169 190 170 
190 191 170 
170 191 171 
191 192 171 
171 192 172 
192 193 172 
172 193 173 
193 194 173 
173 194 174 
194 195 174 
174 195 175 
195 196 175 
175 196 176 
196 197 176 
176 197 177 
197 198 177 
177 198 178 
198 199 178 
178 199 179 
199 200 179 
179 200 180 
200 201 180 
180 201 181 
201 202 181 
181 202 182 
202 203 182 
182 203 183 
203 204 183 
183 204 184 
204 205 184 
184 205 185 
205 206 185 
185 206 186 
206 207 186 
186 207 187 
207 208 187 
187 208 188 
208 209 188 
188 209 189 
209 210 189 
190 211 191 
211 212 191 
191 212 192 
212 213 192 
192 213 193 
213 214 193 
193 214 194 
214 215 194 
194 215 195 
215 216 195 
195 216 196 
216 217 196 
196 217 197 
217 218 197 
197 218 198 
218 219 198 
198 219 199 
219 220 199 
199 220 200 
220 221 200 
200 221 201 
221 222 201 
201 222 202 
222 223 202 
202 223 203 
223 224 203 
203 224 204 
224 225 204 
204 225 205 
225 226 205 
205 226 206 
226 227 206 
206 227 207 
227 228 207 
207 228 208 
228 229 208 
208 229 209 
229 230 209 
209 230 210 
230 231 210 
1 118 
4 1 
1 1 
96 1 
101 1 
105 1 
110 1 
114 1 
119 1 
123 1 
128 1 
132 1 
137 1 
141 1 
146 1 
150 1 
155 1 
159 1 
164 1 
168 1 
173 1 
177 1 
182 1 
186 1 
191 1 
195 1 
200 1 
204 1 
209 1 
213 1 
218 1 
222 1 
227 1 
231 1 
236 1 
240 1 
245 1 
249 1 
254 1 
258 1 
94 1 
92 1 
260 1 
343 1 
339 1 
334 1 
330 1 
325 1 
321 1 
316 1 
312 1 
307 1 
303 1 
298 1 
294 1 
289 1 
285 1 
280 1 
276 1 
271 1 
267 1 
264 1 
505 1 
500 1 
496 1 
491 1 
487 1 
482 1 
478 1 
473 1 
469 1 
464 1 
460 1 
455 1 
451 1 
446 1 
442 1 
437 1 
433 1 
428 1 
424 1 
419 1 
415 1 
410 1 
406 1 
401 1 
397 1 
392 1 
388 1 
383 1 
379 1 
374 1 
370 1 
365 1 
361 1 
356 1 
352 1 
347 1 
13 1 
8 1 
6 1 
10 1 
16 1 
20 1 
25 1 
29 1 
34 1 
38 1 
43 1 
47 1 
52 1 
56 1 
61 1 
65 1 
70 1 
74 1 
79 1 
83 1 
88 1 
4 1 
