200 22 0 0
838 121 1 79 
    0.0000000000     0.0000000000     1.0000000000 
    0.0050000000     0.0000000000    21.0000000000 
    0.0100000000     0.0000000000    41.0000000000 
    0.0150000000     0.0000000000    61.0000000000 
    0.0200000000     0.0000000000    81.0000000000 
    0.0250000000     0.0000000000    82.0000000000 
    0.0300000000     0.0000000000   102.0000000000 
    0.0350000000     0.0000000000   122.0000000000 
    0.0400000000     0.0000000000   141.0000000000 
    0.0450000000     0.0000000000   161.0000000000 
    0.0500000000     0.0000000000   181.0000000000 
    0.0000000000     0.1000000000    20.0000000000 
    0.0050000000     0.1000000000    40.0000000000 
    0.0100000000     0.1000000000    60.0000000000 
    0.0150000000     0.1000000000    79.0000000000 
    0.0200000000     0.1000000000    99.0000000000 
    0.0250000000     0.1000000000   100.0000000000 
    0.0300000000     0.1000000000   120.0000000000 
    0.0350000000     0.1000000000   140.0000000000 
    0.0400000000     0.1000000000   160.0000000000 
    0.0450000000     0.1000000000   180.0000000000 
    0.0500000000     0.1000000000   200.0000000000 
6 8 1 
10 14 1 
251 253 1 
255 258 1 
260 262 1 
264 267 1 
269 271 1 
273 276 1 
278 280 1 
282 285 1 
287 289 1 
291 294 1 
296 298 1 
300 303 1 
305 307 1 
309 312 1 
314 316 1 
318 321 1 
323 325 1 
174 177 1 
16 18 1 
20 23 1 
327 329 1 
331 333 1 
335 337 1 
339 341 1 
343 345 1 
347 349 1 
351 353 1 
355 357 1 
359 361 1 
363 365 1 
367 369 1 
371 373 1 
375 377 1 
379 381 1 
383 385 1 
387 389 1 
179 182 1 
184 186 1 
25 27 1 
29 32 1 
391 393 1 
395 397 1 
399 401 1 
403 405 1 
407 409 1 
411 413 1 
415 417 1 
419 421 1 
423 425 1 
427 429 1 
431 433 1 
435 437 1 
439 441 1 
443 445 1 
447 449 1 
451 453 1 
188 191 1 
193 195 1 
34 36 1 
38 41 1 
455 457 1 
459 461 1 
463 465 1 
467 469 1 
471 473 1 
475 477 1 
479 481 1 
483 485 1 
487 489 1 
491 493 1 
495 497 1 
499 501 1 
503 505 1 
507 509 1 
511 513 1 
515 517 1 
197 200 1 
202 204 1 
43 45 1 
47 50 1 
519 521 1 
523 525 1 
527 529 1 
531 533 1 
535 537 1 
539 541 1 
543 545 1 
547 549 1 
551 553 1 
555 557 1 
559 561 1 
563 565 1 
567 569 1 
571 573 1 
575 577 1 
579 581 1 
206 209 1 
211 213 1 
52 54 1 
56 59 1 
583 585 1 
587 589 1 
591 593 1 
595 597 1 
599 601 1 
603 605 1 
607 609 1 
611 613 1 
615 617 1 
619 621 1 
623 625 1 
627 629 1 
631 633 1 
635 637 1 
639 641 1 
643 645 1 
215 218 1 
220 222 1 
61 63 1 
65 68 1 
647 649 1 
651 653 1 
655 657 1 
659 661 1 
663 665 1 
667 669 1 
671 673 1 
675 677 1 
679 681 1 
683 685 1 
687 689 1 
691 693 1 
695 697 1 
699 701 1 
703 705 1 
707 709 1 
224 227 1 
229 231 1 
70 72 1 
74 77 1 
711 713 1 
715 717 1 
719 721 1 
723 725 1 
727 729 1 
731 733 1 
735 737 1 
739 741 1 
743 745 1 
747 749 1 
751 753 1 
755 757 1 
759 761 1 
763 765 1 
767 769 1 
771 773 1 
233 236 1 
238 240 1 
79 81 1 
83 86 1 
775 777 1 
779 781 1 
783 785 1 
787 789 1 
791 793 1 
795 797 1 
799 801 1 
803 805 1 
807 809 1 
811 813 1 
815 817 1 
819 821 1 
823 825 1 
827 829 1 
831 833 1 
835 837 1 
242 245 1 
247 249 1 
1 4 1 
92 94 1 
96 99 1 
101 103 1 
105 108 1 
110 112 1 
114 117 1 
119 121 1 
123 126 1 
128 130 1 
132 135 1 
137 139 1 
141 144 1 
146 148 1 
150 153 1 
155 157 1 
159 162 1 
164 166 1 
168 172 1 
88 90 1 
    0.0500000000     0.0000000000 
    0.0500000000     0.0009615385 
    0.0458000000     0.0092000000 
    0.0458000000     0.0000000000 
    0.0500000000     0.0000000000 
    0.0000000000     0.0000000000 
    0.0036901961     0.0000000000 
    0.0000000000     0.0072384615 
    0.0000000000     0.0000000000 
    0.0036901961     0.0000000000 
    0.0042000000     0.0000000000 
    0.0042000000     0.0092000000 
    0.0000000000     0.0092000000 
    0.0000000000     0.0072384615 
    0.0036901961     0.0000000000 
    0.0042000000     0.0000000000 
    0.0088901961     0.0000000000 
    0.0042000000     0.0092000000 
    0.0042000000     0.0000000000 
    0.0088901961     0.0000000000 
    0.0094000000     0.0000000000 
    0.0094000000     0.0092000000 
    0.0042000000     0.0092000000 
    0.0088901961     0.0000000000 
    0.0094000000     0.0000000000 
    0.0140901961     0.0000000000 
    0.0094000000     0.0092000000 
    0.0094000000     0.0000000000 
    0.0140901961     0.0000000000 
    0.0146000000     0.0000000000 
    0.0146000000     0.0092000000 
    0.0094000000     0.0092000000 
    0.0140901961     0.0000000000 
    0.0146000000     0.0000000000 
    0.0192901961     0.0000000000 
    0.0146000000     0.0092000000 
    0.0146000000     0.0000000000 
    0.0192901961     0.0000000000 
    0.0198000000     0.0000000000 
    0.0198000000     0.0092000000 
    0.0146000000     0.0092000000 
    0.0192901961     0.0000000000 
    0.0198000000     0.0000000000 
    0.0244901961     0.0000000000 
    0.0198000000     0.0092000000 
    0.0198000000     0.0000000000 
    0.0244901961     0.0000000000 
    0.0250000000     0.0000000000 
    0.0250000000     0.0092000000 
    0.0198000000     0.0092000000 
    0.0244901961     0.0000000000 
    0.0250000000     0.0000000000 
    0.0296901961     0.0000000000 
    0.0250000000     0.0092000000 
    0.0250000000     0.0000000000 
    0.0296901961     0.0000000000 
    0.0302000000     0.0000000000 
    0.0302000000     0.0092000000 
    0.0250000000     0.0092000000 
    0.0296901961     0.0000000000 
    0.0302000000     0.0000000000 
    0.0348901961     0.0000000000 
    0.0302000000     0.0092000000 
    0.0302000000     0.0000000000 
    0.0348901961     0.0000000000 
    0.0354000000     0.0000000000 
    0.0354000000     0.0092000000 
    0.0302000000     0.0092000000 
    0.0348901961     0.0000000000 
    0.0354000000     0.0000000000 
    0.0400901961     0.0000000000 
    0.0354000000     0.0092000000 
    0.0354000000     0.0000000000 
    0.0400901961     0.0000000000 
    0.0406000000     0.0000000000 
    0.0406000000     0.0092000000 
    0.0354000000     0.0092000000 
    0.0400901961     0.0000000000 
    0.0406000000     0.0000000000 
    0.0452901961     0.0000000000 
    0.0406000000     0.0092000000 
    0.0406000000     0.0000000000 
    0.0452901961     0.0000000000 
    0.0458000000     0.0000000000 
    0.0458000000     0.0092000000 
    0.0406000000     0.0092000000 
    0.0452901961     0.0000000000 
    0.0500000000     0.1000000000 
    0.0463098039     0.1000000000 
    0.0500000000     0.0927615385 
    0.0500000000     0.1000000000 
    0.0500000000     0.0009615385 
    0.0500000000     0.0092000000 
    0.0458000000     0.0092000000 
    0.0500000000     0.0009615385 
    0.0500000000     0.0092000000 
    0.0500000000     0.0111615385 
    0.0458000000     0.0194000000 
    0.0458000000     0.0092000000 
    0.0500000000     0.0092000000 
    0.0500000000     0.0111615385 
    0.0500000000     0.0194000000 
    0.0458000000     0.0194000000 
    0.0500000000     0.0111615385 
    0.0500000000     0.0194000000 
    0.0500000000     0.0213615385 
    0.0458000000     0.0296000000 
    0.0458000000     0.0194000000 
    0.0500000000     0.0194000000 
    0.0500000000     0.0213615385 
    0.0500000000     0.0296000000 
    0.0458000000     0.0296000000 
    0.0500000000     0.0213615385 
    0.0500000000     0.0296000000 
    0.0500000000     0.0315615385 
    0.0458000000     0.0398000000 
    0.0458000000     0.0296000000 
    0.0500000000     0.0296000000 
    0.0500000000     0.0315615385 
    0.0500000000     0.0398000000 
    0.0458000000     0.0398000000 
    0.0500000000     0.0315615385 
    0.0500000000     0.0398000000 
    0.0500000000     0.0417615385 
    0.0458000000     0.0500000000 
    0.0458000000     0.0398000000 
    0.0500000000     0.0398000000 
    0.0500000000     0.0417615385 
    0.0500000000     0.0500000000 
    0.0458000000     0.0500000000 
    0.0500000000     0.0417615385 
    0.0500000000     0.0500000000 
    0.0500000000     0.0519615385 
    0.0458000000     0.0602000000 
    0.0458000000     0.0500000000 
    0.0500000000     0.0500000000 
    0.0500000000     0.0519615385 
    0.0500000000     0.0602000000 
    0.0458000000     0.0602000000 
    0.0500000000     0.0519615385 
    0.0500000000     0.0602000000 
    0.0500000000     0.0621615385 
    0.0458000000     0.0704000000 
    0.0458000000     0.0602000000 
    0.0500000000     0.0602000000 
    0.0500000000     0.0621615385 
    0.0500000000     0.0704000000 
    0.0458000000     0.0704000000 
    0.0500000000     0.0621615385 
    0.0500000000     0.0704000000 
    0.0500000000     0.0723615385 
    0.0458000000     0.0806000000 
    0.0458000000     0.0704000000 
    0.0500000000     0.0704000000 
    0.0500000000     0.0723615385 
    0.0500000000     0.0806000000 
    0.0458000000     0.0806000000 
    0.0500000000     0.0723615385 
    0.0500000000     0.0806000000 
    0.0500000000     0.0825615385 
    0.0458000000     0.0908000000 
    0.0458000000     0.0806000000 
    0.0500000000     0.0806000000 
    0.0500000000     0.0825615385 
    0.0500000000     0.0908000000 
    0.0458000000     0.0908000000 
    0.0500000000     0.0825615385 
    0.0500000000     0.0908000000 
    0.0500000000     0.0927615385 
    0.0463098039     0.1000000000 
    0.0458000000     0.1000000000 
    0.0458000000     0.0908000000 
    0.0500000000     0.0908000000 
    0.0000000000     0.1000000000 
    0.0000000000     0.0990384615 
    0.0042000000     0.0908000000 
    0.0042000000     0.1000000000 
    0.0000000000     0.1000000000 
    0.0042000000     0.1000000000 
    0.0042000000     0.0908000000 
    0.0094000000     0.0908000000 
    0.0047098039     0.1000000000 
    0.0042000000     0.1000000000 
    0.0047098039     0.1000000000 
    0.0094000000     0.0908000000 
    0.0094000000     0.1000000000 
    0.0047098039     0.1000000000 
    0.0094000000     0.1000000000 
    0.0094000000     0.0908000000 
    0.0146000000     0.0908000000 
    0.0099098039     0.1000000000 
    0.0094000000     0.1000000000 
    0.0099098039     0.1000000000 
    0.0146000000     0.0908000000 
    0.0146000000     0.1000000000 
    0.0099098039     0.1000000000 
    0.0146000000     0.1000000000 
    0.0146000000     0.0908000000 
    0.0198000000     0.0908000000 
    0.0151098039     0.1000000000 
    0.0146000000     0.1000000000 
    0.0151098039     0.1000000000 
    0.0198000000     0.0908000000 
    0.0198000000     0.1000000000 
    0.0151098039     0.1000000000 
    0.0198000000     0.1000000000 
    0.0198000000     0.0908000000 
    0.0250000000     0.0908000000 
    0.0203098039     0.1000000000 
    0.0198000000     0.1000000000 
    0.0203098039     0.1000000000 
    0.0250000000     0.0908000000 
    0.0250000000     0.1000000000 
    0.0203098039     0.1000000000 
    0.0250000000     0.1000000000 
    0.0250000000     0.0908000000 
    0.0302000000     0.0908000000 
    0.0255098039     0.1000000000 
    0.0250000000     0.1000000000 
    0.0255098039     0.1000000000 
    0.0302000000     0.0908000000 
    0.0302000000     0.1000000000 
    0.0255098039     0.1000000000 
    0.0302000000     0.1000000000 
    0.0302000000     0.0908000000 
    0.0354000000     0.0908000000 
    0.0307098039     0.1000000000 
    0.0302000000     0.1000000000 
    0.0307098039     0.1000000000 
    0.0354000000     0.0908000000 
    0.0354000000     0.1000000000 
    0.0307098039     0.1000000000 
    0.0354000000     0.1000000000 
    0.0354000000     0.0908000000 
    0.0406000000     0.0908000000 
    0.0359098039     0.1000000000 
    0.0354000000     0.1000000000 
    0.0359098039     0.1000000000 
    0.0406000000     0.0908000000 
    0.0406000000     0.1000000000 
    0.0359098039     0.1000000000 
    0.0406000000     0.1000000000 
    0.0406000000     0.0908000000 
    0.0458000000     0.0908000000 
    0.0411098039     0.1000000000 
    0.0406000000     0.1000000000 
    0.0411098039     0.1000000000 
    0.0458000000     0.0908000000 
    0.0458000000     0.1000000000 
    0.0411098039     0.1000000000 
    0.0000000000     0.0092000000 
    0.0042000000     0.0092000000 
    0.0000000000     0.0174384615 
    0.0000000000     0.0092000000 
    0.0000000000     0.0174384615 
    0.0042000000     0.0092000000 
    0.0042000000     0.0194000000 
    0.0000000000     0.0194000000 
    0.0000000000     0.0174384615 
    0.0000000000     0.0194000000 
    0.0042000000     0.0194000000 
    0.0000000000     0.0276384615 
    0.0000000000     0.0194000000 
    0.0000000000     0.0276384615 
    0.0042000000     0.0194000000 
    0.0042000000     0.0296000000 
    0.0000000000     0.0296000000 
    0.0000000000     0.0276384615 
    0.0000000000     0.0296000000 
    0.0042000000     0.0296000000 
    0.0000000000     0.0378384615 
    0.0000000000     0.0296000000 
    0.0000000000     0.0378384615 
    0.0042000000     0.0296000000 
    0.0042000000     0.0398000000 
    0.0000000000     0.0398000000 
    0.0000000000     0.0378384615 
    0.0000000000     0.0398000000 
    0.0042000000     0.0398000000 
    0.0000000000     0.0480384615 
    0.0000000000     0.0398000000 
    0.0000000000     0.0480384615 
    0.0042000000     0.0398000000 
    0.0042000000     0.0500000000 
    0.0000000000     0.0500000000 
    0.0000000000     0.0480384615 
    0.0000000000     0.0500000000 
    0.0042000000     0.0500000000 
    0.0000000000     0.0582384615 
    0.0000000000     0.0500000000 
    0.0000000000     0.0582384615 
    0.0042000000     0.0500000000 
    0.0042000000     0.0602000000 
    0.0000000000     0.0602000000 
    0.0000000000     0.0582384615 
    0.0000000000     0.0602000000 
    0.0042000000     0.0602000000 
    0.0000000000     0.0684384615 
    0.0000000000     0.0602000000 
    0.0000000000     0.0684384615 
    0.0042000000     0.0602000000 
    0.0042000000     0.0704000000 
    0.0000000000     0.0704000000 
    0.0000000000     0.0684384615 
    0.0000000000     0.0704000000 
    0.0042000000     0.0704000000 
    0.0000000000     0.0786384615 
    0.0000000000     0.0704000000 
    0.0000000000     0.0786384615 
    0.0042000000     0.0704000000 
    0.0042000000     0.0806000000 
    0.0000000000     0.0806000000 
    0.0000000000     0.0786384615 
    0.0000000000     0.0806000000 
    0.0042000000     0.0806000000 
    0.0000000000     0.0888384615 
    0.0000000000     0.0806000000 
    0.0000000000     0.0888384615 
    0.0042000000     0.0806000000 
    0.0042000000     0.0908000000 
    0.0000000000     0.0908000000 
    0.0000000000     0.0888384615 
    0.0000000000     0.0908000000 
    0.0042000000     0.0908000000 
    0.0000000000     0.0990384615 
    0.0000000000     0.0908000000 
    0.0042000000     0.0092000000 
    0.0094000000     0.0092000000 
    0.0042000000     0.0194000000 
    0.0042000000     0.0092000000 
    0.0042000000     0.0194000000 
    0.0094000000     0.0092000000 
    0.0094000000     0.0194000000 
    0.0042000000     0.0194000000 
    0.0042000000     0.0194000000 
    0.0094000000     0.0194000000 
    0.0042000000     0.0296000000 
    0.0042000000     0.0194000000 
    0.0042000000     0.0296000000 
    0.0094000000     0.0194000000 
    0.0094000000     0.0296000000 
    0.0042000000     0.0296000000 
    0.0042000000     0.0296000000 
    0.0094000000     0.0296000000 
    0.0042000000     0.0398000000 
    0.0042000000     0.0296000000 
    0.0042000000     0.0398000000 
    0.0094000000     0.0296000000 
    0.0094000000     0.0398000000 
    0.0042000000     0.0398000000 
    0.0042000000     0.0398000000 
    0.0094000000     0.0398000000 
    0.0042000000     0.0500000000 
    0.0042000000     0.0398000000 
    0.0042000000     0.0500000000 
    0.0094000000     0.0398000000 
    0.0094000000     0.0500000000 
    0.0042000000     0.0500000000 
    0.0042000000     0.0500000000 
    0.0094000000     0.0500000000 
    0.0042000000     0.0602000000 
    0.0042000000     0.0500000000 
    0.0042000000     0.0602000000 
    0.0094000000     0.0500000000 
    0.0094000000     0.0602000000 
    0.0042000000     0.0602000000 
    0.0042000000     0.0602000000 
    0.0094000000     0.0602000000 
    0.0042000000     0.0704000000 
    0.0042000000     0.0602000000 
    0.0042000000     0.0704000000 
    0.0094000000     0.0602000000 
    0.0094000000     0.0704000000 
    0.0042000000     0.0704000000 
    0.0042000000     0.0704000000 
    0.0094000000     0.0704000000 
    0.0042000000     0.0806000000 
    0.0042000000     0.0704000000 
    0.0042000000     0.0806000000 
    0.0094000000     0.0704000000 
    0.0094000000     0.0806000000 
    0.0042000000     0.0806000000 
    0.0042000000     0.0806000000 
    0.0094000000     0.0806000000 
    0.0042000000     0.0908000000 
    0.0042000000     0.0806000000 
    0.0042000000     0.0908000000 
    0.0094000000     0.0806000000 
    0.0094000000     0.0908000000 
    0.0042000000     0.0908000000 
    0.0094000000     0.0092000000 
    0.0146000000     0.0092000000 
    0.0094000000     0.0194000000 
    0.0094000000     0.0092000000 
    0.0094000000     0.0194000000 
    0.0146000000     0.0092000000 
    0.0146000000     0.0194000000 
    0.0094000000     0.0194000000 
    0.0094000000     0.0194000000 
    0.0146000000     0.0194000000 
    0.0094000000     0.0296000000 
    0.0094000000     0.0194000000 
    0.0094000000     0.0296000000 
    0.0146000000     0.0194000000 
    0.0146000000     0.0296000000 
    0.0094000000     0.0296000000 
    0.0094000000     0.0296000000 
    0.0146000000     0.0296000000 
    0.0094000000     0.0398000000 
    0.0094000000     0.0296000000 
    0.0094000000     0.0398000000 
    0.0146000000     0.0296000000 
    0.0146000000     0.0398000000 
    0.0094000000     0.0398000000 
    0.0094000000     0.0398000000 
    0.0146000000     0.0398000000 
    0.0094000000     0.0500000000 
    0.0094000000     0.0398000000 
    0.0094000000     0.0500000000 
    0.0146000000     0.0398000000 
    0.0146000000     0.0500000000 
    0.0094000000     0.0500000000 
    0.0094000000     0.0500000000 
    0.0146000000     0.0500000000 
    0.0094000000     0.0602000000 
    0.0094000000     0.0500000000 
    0.0094000000     0.0602000000 
    0.0146000000     0.0500000000 
    0.0146000000     0.0602000000 
    0.0094000000     0.0602000000 
    0.0094000000     0.0602000000 
    0.0146000000     0.0602000000 
    0.0094000000     0.0704000000 
    0.0094000000     0.0602000000 
    0.0094000000     0.0704000000 
    0.0146000000     0.0602000000 
    0.0146000000     0.0704000000 
    0.0094000000     0.0704000000 
    0.0094000000     0.0704000000 
    0.0146000000     0.0704000000 
    0.0094000000     0.0806000000 
    0.0094000000     0.0704000000 
    0.0094000000     0.0806000000 
    0.0146000000     0.0704000000 
    0.0146000000     0.0806000000 
    0.0094000000     0.0806000000 
    0.0094000000     0.0806000000 
    0.0146000000     0.0806000000 
    0.0094000000     0.0908000000 
    0.0094000000     0.0806000000 
    0.0094000000     0.0908000000 
    0.0146000000     0.0806000000 
    0.0146000000     0.0908000000 
    0.0094000000     0.0908000000 
    0.0146000000     0.0092000000 
    0.0198000000     0.0092000000 
    0.0146000000     0.0194000000 
    0.0146000000     0.0092000000 
    0.0146000000     0.0194000000 
    0.0198000000     0.0092000000 
    0.0198000000     0.0194000000 
    0.0146000000     0.0194000000 
    0.0146000000     0.0194000000 
    0.0198000000     0.0194000000 
    0.0146000000     0.0296000000 
    0.0146000000     0.0194000000 
    0.0146000000     0.0296000000 
    0.0198000000     0.0194000000 
    0.0198000000     0.0296000000 
    0.0146000000     0.0296000000 
    0.0146000000     0.0296000000 
    0.0198000000     0.0296000000 
    0.0146000000     0.0398000000 
    0.0146000000     0.0296000000 
    0.0146000000     0.0398000000 
    0.0198000000     0.0296000000 
    0.0198000000     0.0398000000 
    0.0146000000     0.0398000000 
    0.0146000000     0.0398000000 
    0.0198000000     0.0398000000 
    0.0146000000     0.0500000000 
    0.0146000000     0.0398000000 
    0.0146000000     0.0500000000 
    0.0198000000     0.0398000000 
    0.0198000000     0.0500000000 
    0.0146000000     0.0500000000 
    0.0146000000     0.0500000000 
    0.0198000000     0.0500000000 
    0.0146000000     0.0602000000 
    0.0146000000     0.0500000000 
    0.0146000000     0.0602000000 
    0.0198000000     0.0500000000 
    0.0198000000     0.0602000000 
    0.0146000000     0.0602000000 
    0.0146000000     0.0602000000 
    0.0198000000     0.0602000000 
    0.0146000000     0.0704000000 
    0.0146000000     0.0602000000 
    0.0146000000     0.0704000000 
    0.0198000000     0.0602000000 
    0.0198000000     0.0704000000 
    0.0146000000     0.0704000000 
    0.0146000000     0.0704000000 
    0.0198000000     0.0704000000 
    0.0146000000     0.0806000000 
    0.0146000000     0.0704000000 
    0.0146000000     0.0806000000 
    0.0198000000     0.0704000000 
    0.0198000000     0.0806000000 
    0.0146000000     0.0806000000 
    0.0146000000     0.0806000000 
    0.0198000000     0.0806000000 
    0.0146000000     0.0908000000 
    0.0146000000     0.0806000000 
    0.0146000000     0.0908000000 
    0.0198000000     0.0806000000 
    0.0198000000     0.0908000000 
    0.0146000000     0.0908000000 
    0.0198000000     0.0092000000 
    0.0250000000     0.0092000000 
    0.0198000000     0.0194000000 
    0.0198000000     0.0092000000 
    0.0198000000     0.0194000000 
    0.0250000000     0.0092000000 
    0.0250000000     0.0194000000 
    0.0198000000     0.0194000000 
    0.0198000000     0.0194000000 
    0.0250000000     0.0194000000 
    0.0198000000     0.0296000000 
    0.0198000000     0.0194000000 
    0.0198000000     0.0296000000 
    0.0250000000     0.0194000000 
    0.0250000000     0.0296000000 
    0.0198000000     0.0296000000 
    0.0198000000     0.0296000000 
    0.0250000000     0.0296000000 
    0.0198000000     0.0398000000 
    0.0198000000     0.0296000000 
    0.0198000000     0.0398000000 
    0.0250000000     0.0296000000 
    0.0250000000     0.0398000000 
    0.0198000000     0.0398000000 
    0.0198000000     0.0398000000 
    0.0250000000     0.0398000000 
    0.0198000000     0.0500000000 
    0.0198000000     0.0398000000 
    0.0198000000     0.0500000000 
    0.0250000000     0.0398000000 
    0.0250000000     0.0500000000 
    0.0198000000     0.0500000000 
    0.0198000000     0.0500000000 
    0.0250000000     0.0500000000 
    0.0198000000     0.0602000000 
    0.0198000000     0.0500000000 
    0.0198000000     0.0602000000 
    0.0250000000     0.0500000000 
    0.0250000000     0.0602000000 
    0.0198000000     0.0602000000 
    0.0198000000     0.0602000000 
    0.0250000000     0.0602000000 
    0.0198000000     0.0704000000 
    0.0198000000     0.0602000000 
    0.0198000000     0.0704000000 
    0.0250000000     0.0602000000 
    0.0250000000     0.0704000000 
    0.0198000000     0.0704000000 
    0.0198000000     0.0704000000 
    0.0250000000     0.0704000000 
    0.0198000000     0.0806000000 
    0.0198000000     0.0704000000 
    0.0198000000     0.0806000000 
    0.0250000000     0.0704000000 
    0.0250000000     0.0806000000 
    0.0198000000     0.0806000000 
    0.0198000000     0.0806000000 
    0.0250000000     0.0806000000 
    0.0198000000     0.0908000000 
    0.0198000000     0.0806000000 
    0.0198000000     0.0908000000 
    0.0250000000     0.0806000000 
    0.0250000000     0.0908000000 
    0.0198000000     0.0908000000 
    0.0250000000     0.0092000000 
    0.0302000000     0.0092000000 
    0.0250000000     0.0194000000 
    0.0250000000     0.0092000000 
    0.0250000000     0.0194000000 
    0.0302000000     0.0092000000 
    0.0302000000     0.0194000000 
    0.0250000000     0.0194000000 
    0.0250000000     0.0194000000 
    0.0302000000     0.0194000000 
    0.0250000000     0.0296000000 
    0.0250000000     0.0194000000 
    0.0250000000     0.0296000000 
    0.0302000000     0.0194000000 
    0.0302000000     0.0296000000 
    0.0250000000     0.0296000000 
    0.0250000000     0.0296000000 
    0.0302000000     0.0296000000 
    0.0250000000     0.0398000000 
    0.0250000000     0.0296000000 
    0.0250000000     0.0398000000 
    0.0302000000     0.0296000000 
    0.0302000000     0.0398000000 
    0.0250000000     0.0398000000 
    0.0250000000     0.0398000000 
    0.0302000000     0.0398000000 
    0.0250000000     0.0500000000 
    0.0250000000     0.0398000000 
    0.0250000000     0.0500000000 
    0.0302000000     0.0398000000 
    0.0302000000     0.0500000000 
    0.0250000000     0.0500000000 
    0.0250000000     0.0500000000 
    0.0302000000     0.0500000000 
    0.0250000000     0.0602000000 
    0.0250000000     0.0500000000 
    0.0250000000     0.0602000000 
    0.0302000000     0.0500000000 
    0.0302000000     0.0602000000 
    0.0250000000     0.0602000000 
    0.0250000000     0.0602000000 
    0.0302000000     0.0602000000 
    0.0250000000     0.0704000000 
    0.0250000000     0.0602000000 
    0.0250000000     0.0704000000 
    0.0302000000     0.0602000000 
    0.0302000000     0.0704000000 
    0.0250000000     0.0704000000 
    0.0250000000     0.0704000000 
    0.0302000000     0.0704000000 
    0.0250000000     0.0806000000 
    0.0250000000     0.0704000000 
    0.0250000000     0.0806000000 
    0.0302000000     0.0704000000 
    0.0302000000     0.0806000000 
    0.0250000000     0.0806000000 
    0.0250000000     0.0806000000 
    0.0302000000     0.0806000000 
    0.0250000000     0.0908000000 
    0.0250000000     0.0806000000 
    0.0250000000     0.0908000000 
    0.0302000000     0.0806000000 
    0.0302000000     0.0908000000 
    0.0250000000     0.0908000000 
    0.0302000000     0.0092000000 
    0.0354000000     0.0092000000 
    0.0302000000     0.0194000000 
    0.0302000000     0.0092000000 
    0.0302000000     0.0194000000 
    0.0354000000     0.0092000000 
    0.0354000000     0.0194000000 
    0.0302000000     0.0194000000 
    0.0302000000     0.0194000000 
    0.0354000000     0.0194000000 
    0.0302000000     0.0296000000 
    0.0302000000     0.0194000000 
    0.0302000000     0.0296000000 
    0.0354000000     0.0194000000 
    0.0354000000     0.0296000000 
    0.0302000000     0.0296000000 
    0.0302000000     0.0296000000 
    0.0354000000     0.0296000000 
    0.0302000000     0.0398000000 
    0.0302000000     0.0296000000 
    0.0302000000     0.0398000000 
    0.0354000000     0.0296000000 
    0.0354000000     0.0398000000 
    0.0302000000     0.0398000000 
    0.0302000000     0.0398000000 
    0.0354000000     0.0398000000 
    0.0302000000     0.0500000000 
    0.0302000000     0.0398000000 
    0.0302000000     0.0500000000 
    0.0354000000     0.0398000000 
    0.0354000000     0.0500000000 
    0.0302000000     0.0500000000 
    0.0302000000     0.0500000000 
    0.0354000000     0.0500000000 
    0.0302000000     0.0602000000 
    0.0302000000     0.0500000000 
    0.0302000000     0.0602000000 
    0.0354000000     0.0500000000 
    0.0354000000     0.0602000000 
    0.0302000000     0.0602000000 
    0.0302000000     0.0602000000 
    0.0354000000     0.0602000000 
    0.0302000000     0.0704000000 
    0.0302000000     0.0602000000 
    0.0302000000     0.0704000000 
    0.0354000000     0.0602000000 
    0.0354000000     0.0704000000 
    0.0302000000     0.0704000000 
    0.0302000000     0.0704000000 
    0.0354000000     0.0704000000 
    0.0302000000     0.0806000000 
    0.0302000000     0.0704000000 
    0.0302000000     0.0806000000 
    0.0354000000     0.0704000000 
    0.0354000000     0.0806000000 
    0.0302000000     0.0806000000 
    0.0302000000     0.0806000000 
    0.0354000000     0.0806000000 
    0.0302000000     0.0908000000 
    0.0302000000     0.0806000000 
    0.0302000000     0.0908000000 
    0.0354000000     0.0806000000 
    0.0354000000     0.0908000000 
    0.0302000000     0.0908000000 
    0.0354000000     0.0092000000 
    0.0406000000     0.0092000000 
    0.0354000000     0.0194000000 
    0.0354000000     0.0092000000 
    0.0354000000     0.0194000000 
    0.0406000000     0.0092000000 
    0.0406000000     0.0194000000 
    0.0354000000     0.0194000000 
    0.0354000000     0.0194000000 
    0.0406000000     0.0194000000 
    0.0354000000     0.0296000000 
    0.0354000000     0.0194000000 
    0.0354000000     0.0296000000 
    0.0406000000     0.0194000000 
    0.0406000000     0.0296000000 
    0.0354000000     0.0296000000 
    0.0354000000     0.0296000000 
    0.0406000000     0.0296000000 
    0.0354000000     0.0398000000 
    0.0354000000     0.0296000000 
    0.0354000000     0.0398000000 
    0.0406000000     0.0296000000 
    0.0406000000     0.0398000000 
    0.0354000000     0.0398000000 
    0.0354000000     0.0398000000 
    0.0406000000     0.0398000000 
    0.0354000000     0.0500000000 
    0.0354000000     0.0398000000 
    0.0354000000     0.0500000000 
    0.0406000000     0.0398000000 
    0.0406000000     0.0500000000 
    0.0354000000     0.0500000000 
    0.0354000000     0.0500000000 
    0.0406000000     0.0500000000 
    0.0354000000     0.0602000000 
    0.0354000000     0.0500000000 
    0.0354000000     0.0602000000 
    0.0406000000     0.0500000000 
    0.0406000000     0.0602000000 
    0.0354000000     0.0602000000 
    0.0354000000     0.0602000000 
    0.0406000000     0.0602000000 
    0.0354000000     0.0704000000 
    0.0354000000     0.0602000000 
    0.0354000000     0.0704000000 
    0.0406000000     0.0602000000 
    0.0406000000     0.0704000000 
    0.0354000000     0.0704000000 
    0.0354000000     0.0704000000 
    0.0406000000     0.0704000000 
    0.0354000000     0.0806000000 
    0.0354000000     0.0704000000 
    0.0354000000     0.0806000000 
    0.0406000000     0.0704000000 
    0.0406000000     0.0806000000 
    0.0354000000     0.0806000000 
    0.0354000000     0.0806000000 
    0.0406000000     0.0806000000 
    0.0354000000     0.0908000000 
    0.0354000000     0.0806000000 
    0.0354000000     0.0908000000 
    0.0406000000     0.0806000000 
    0.0406000000     0.0908000000 
    0.0354000000     0.0908000000 
    0.0406000000     0.0092000000 
    0.0458000000     0.0092000000 
    0.0406000000     0.0194000000 
    0.0406000000     0.0092000000 
    0.0406000000     0.0194000000 
    0.0458000000     0.0092000000 
    0.0458000000     0.0194000000 
    0.0406000000     0.0194000000 
    0.0406000000     0.0194000000 
    0.0458000000     0.0194000000 
    0.0406000000     0.0296000000 
    0.0406000000     0.0194000000 
    0.0406000000     0.0296000000 
    0.0458000000     0.0194000000 
    0.0458000000     0.0296000000 
    0.0406000000     0.0296000000 
    0.0406000000     0.0296000000 
    0.0458000000     0.0296000000 
    0.0406000000     0.0398000000 
    0.0406000000     0.0296000000 
    0.0406000000     0.0398000000 
    0.0458000000     0.0296000000 
    0.0458000000     0.0398000000 
    0.0406000000     0.0398000000 
    0.0406000000     0.0398000000 
    0.0458000000     0.0398000000 
    0.0406000000     0.0500000000 
    0.0406000000     0.0398000000 
    0.0406000000     0.0500000000 
    0.0458000000     0.0398000000 
    0.0458000000     0.0500000000 
    0.0406000000     0.0500000000 
    0.0406000000     0.0500000000 
    0.0458000000     0.0500000000 
    0.0406000000     0.0602000000 
    0.0406000000     0.0500000000 
    0.0406000000     0.0602000000 
    0.0458000000     0.0500000000 
    0.0458000000     0.0602000000 
    0.0406000000     0.0602000000 
    0.0406000000     0.0602000000 
    0.0458000000     0.0602000000 
    0.0406000000     0.0704000000 
    0.0406000000     0.0602000000 
    0.0406000000     0.0704000000 
    0.0458000000     0.0602000000 
    0.0458000000     0.0704000000 
    0.0406000000     0.0704000000 
    0.0406000000     0.0704000000 
    0.0458000000     0.0704000000 
    0.0406000000     0.0806000000 
    0.0406000000     0.0704000000 
    0.0406000000     0.0806000000 
    0.0458000000     0.0704000000 
    0.0458000000     0.0806000000 
    0.0406000000     0.0806000000 
    0.0406000000     0.0806000000 
    0.0458000000     0.0806000000 
    0.0406000000     0.0908000000 
    0.0406000000     0.0806000000 
    0.0406000000     0.0908000000 
    0.0458000000     0.0806000000 
    0.0458000000     0.0908000000 
    0.0406000000     0.0908000000 
   -0.0010000000    -0.0010000000 
   -0.0010000000     0.0092000000 
   -0.0010000000     0.0194000000 
   -0.0010000000     0.0296000000 
   -0.0010000000     0.0398000000 
   -0.0010000000     0.0500000000 
   -0.0010000000     0.0602000000 
   -0.0010000000     0.0704000000 
   -0.0010000000     0.0806000000 
   -0.0010000000     0.0908000000 
   -0.0010000000     0.1010000000 
    0.0042000000    -0.0010000000 
    0.0042000000     0.0092000000 
    0.0042000000     0.0194000000 
    0.0042000000     0.0296000000 
    0.0042000000     0.0398000000 
    0.0042000000     0.0500000000 
    0.0042000000     0.0602000000 
    0.0042000000     0.0704000000 
    0.0042000000     0.0806000000 
    0.0042000000     0.0908000000 
    0.0042000000     0.1010000000 
    0.0094000000    -0.0010000000 
    0.0094000000     0.0092000000 
    0.0094000000     0.0194000000 
    0.0094000000     0.0296000000 
    0.0094000000     0.0398000000 
    0.0094000000     0.0500000000 
    0.0094000000     0.0602000000 
    0.0094000000     0.0704000000 
    0.0094000000     0.0806000000 
    0.0094000000     0.0908000000 
    0.0094000000     0.1010000000 
    0.0146000000    -0.0010000000 
    0.0146000000     0.0092000000 
    0.0146000000     0.0194000000 
    0.0146000000     0.0296000000 
    0.0146000000     0.0398000000 
    0.0146000000     0.0500000000 
    0.0146000000     0.0602000000 
    0.0146000000     0.0704000000 
    0.0146000000     0.0806000000 
    0.0146000000     0.0908000000 
    0.0146000000     0.1010000000 
    0.0198000000    -0.0010000000 
    0.0198000000     0.0092000000 
    0.0198000000     0.0194000000 
    0.0198000000     0.0296000000 
    0.0198000000     0.0398000000 
    0.0198000000     0.0500000000 
    0.0198000000     0.0602000000 
    0.0198000000     0.0704000000 
    0.0198000000     0.0806000000 
    0.0198000000     0.0908000000 
    0.0198000000     0.1010000000 
    0.0250000000    -0.0010000000 
    0.0250000000     0.0092000000 
    0.0250000000     0.0194000000 
    0.0250000000     0.0296000000 
    0.0250000000     0.0398000000 
    0.0250000000     0.0500000000 
    0.0250000000     0.0602000000 
    0.0250000000     0.0704000000 
    0.0250000000     0.0806000000 
    0.0250000000     0.0908000000 
    0.0250000000     0.1010000000 
    0.0302000000    -0.0010000000 
    0.0302000000     0.0092000000 
    0.0302000000     0.0194000000 
    0.0302000000     0.0296000000 
    0.0302000000     0.0398000000 
    0.0302000000     0.0500000000 
    0.0302000000     0.0602000000 
    0.0302000000     0.0704000000 
    0.0302000000     0.0806000000 
    0.0302000000     0.0908000000 
    0.0302000000     0.1010000000 
    0.0354000000    -0.0010000000 
    0.0354000000     0.0092000000 
    0.0354000000     0.0194000000 
    0.0354000000     0.0296000000 
    0.0354000000     0.0398000000 
    0.0354000000     0.0500000000 
    0.0354000000     0.0602000000 
    0.0354000000     0.0704000000 
    0.0354000000     0.0806000000 
    0.0354000000     0.0908000000 
    0.0354000000     0.1010000000 
    0.0406000000    -0.0010000000 
    0.0406000000     0.0092000000 
    0.0406000000     0.0194000000 
    0.0406000000     0.0296000000 
    0.0406000000     0.0398000000 
    0.0406000000     0.0500000000 
    0.0406000000     0.0602000000 
    0.0406000000     0.0704000000 
    0.0406000000     0.0806000000 
    0.0406000000     0.0908000000 
    0.0406000000     0.1010000000 
    0.0458000000    -0.0010000000 
    0.0458000000     0.0092000000 
    0.0458000000     0.0194000000 
    0.0458000000     0.0296000000 
    0.0458000000     0.0398000000 
    0.0458000000     0.0500000000 
    0.0458000000     0.0602000000 
    0.0458000000     0.0704000000 
    0.0458000000     0.0806000000 
    0.0458000000     0.0908000000 
    0.0458000000     0.1010000000 
    0.0510000000    -0.0010000000 
    0.0510000000     0.0092000000 
    0.0510000000     0.0194000000 
    0.0510000000     0.0296000000 
    0.0510000000     0.0398000000 
    0.0510000000     0.0500000000 
    0.0510000000     0.0602000000 
    0.0510000000     0.0704000000 
    0.0510000000     0.0806000000 
    0.0510000000     0.0908000000 
    0.0510000000     0.1010000000 
1 12 2 
12 13 2 
2 13 3 
13 14 3 
3 14 4 
14 15 4 
4 15 5 
15 16 5 
5 16 6 
16 17 6 
6 17 7 
17 18 7 
7 18 8 
18 19 8 
8 19 9 
19 20 9 
9 20 10 
20 21 10 
10 21 11 
21 22 11 
12 23 13 
23 24 13 
13 24 14 
24 25 14 
14 25 15 
25 26 15 
15 26 16 
26 27 16 
16 27 17 
27 28 17 
17 28 18 
28 29 18 
18 29 19 
29 30 19 
19 30 20 
30 31 20 
20 31 21 
31 32 21 
21 32 22 
32 33 22 
23 34 24 
34 35 24 
24 35 25 
35 36 25 
25 36 26 
36 37 26 
26 37 27 
37 38 27 
27 38 28 
38 39 28 
28 39 29 
39 40 29 
29 40 30 
40 41 30 
30 41 31 
41 42 31 
31 42 32 
42 43 32 
32 43 33 
43 44 33 
34 45 35 
45 46 35 
35 46 36 
46 47 36 
36 47 37 
47 48 37 
37 48 38 
48 49 38 
38 49 39 
49 50 39 
39 50 40 
50 51 40 
40 51 41 
51 52 41 
41 52 42 
52 53 42 
42 53 43 
53 54 43 
43 54 44 
54 55 44 
45 56 46 
56 57 46 
46 57 47 
57 58 47 
47 58 48 
58 59 48 
48 59 49 
59 60 49 
49 60 50 
60 61 50 
50 61 51 
61 62 51 
51 62 52 
62 63 52 
52 63 53 
63 64 53 
53 64 54 
64 65 54 
54 65 55 
65 66 55 
56 67 57 
67 68 57 
57 68 58 
68 69 58 
58 69 59 
69 70 59 
59 70 60 
70 71 60 
60 71 61 
71 72 61 
61 72 62 
72 73 62 
62 73 63 
73 74 63 
63 74 64 
74 75 64 
64 75 65 
75 76 65 
65 76 66 
76 77 66 
67 78 68 
78 79 68 
68 79 69 
79 80 69 
69 80 70 
80 81 70 
70 81 71 
81 82 71 
71 82 72 
82 83 72 
72 83 73 
83 84 73 
73 84 74 
84 85 74 
74 85 75 
85 86 75 
75 86 76 
86 87 76 
76 87 77 
87 88 77 
78 89 79 
89 90 79 
79 90 80 
90 91 80 
80 91 81 
91 92 81 
81 92 82 
92 93 82 
82 93 83 
93 94 83 
83 94 84 
94 95 84 
84 95 85 
95 96 85 
85 96 86 
96 97 86 
86 97 87 
97 98 87 
87 98 88 
98 99 88 
89 100 90 
100 101 90 
90 101 91 
101 102 91 
91 102 92 
102 103 92 
92 103 93 
103 104 93 
93 104 94 
104 105 94 
94 105 95 
105 106 95 
95 106 96 
106 107 96 
96 107 97 
107 108 97 
97 108 98 
108 109 98 
98 109 99 
109 110 99 
100 111 101 
111 112 101 
101 112 102 
112 113 102 
102 113 103 
113 114 103 
103 114 104 
114 115 104 
104 115 105 
115 116 105 
105 116 106 
116 117 106 
106 117 107 
117 118 107 
107 118 108 
118 119 108 
108 119 109 
119 120 109 
109 120 110 
120 121 110 
1 78 
4 1 
1 1 
92 1 
96 1 
101 1 
105 1 
110 1 
114 1 
119 1 
123 1 
128 1 
132 1 
137 1 
141 1 
146 1 
150 1 
155 1 
159 1 
164 1 
168 1 
90 1 
88 1 
170 1 
249 1 
245 1 
240 1 
236 1 
231 1 
227 1 
222 1 
218 1 
213 1 
209 1 
204 1 
200 1 
195 1 
191 1 
186 1 
182 1 
177 1 
174 1 
325 1 
321 1 
316 1 
312 1 
307 1 
303 1 
298 1 
294 1 
289 1 
285 1 
280 1 
276 1 
271 1 
267 1 
262 1 
258 1 
253 1 
13 1 
8 1 
6 1 
10 1 
16 1 
20 1 
25 1 
29 1 
34 1 
38 1 
43 1 
47 1 
52 1 
56 1 
61 1 
65 1 
70 1 
74 1 
79 1 
83 1 
4 1 
